0.0000000000e+00   3.4871019798e-02  4.6333631292e-01
5.0000000000e-03   3.6229647752e-02  4.7211659295e-01
1.0000000000e-02   3.7670028797e-02  4.8123793879e-01
1.5000000000e-02   3.9198917225e-02  4.9072070085e-01
2.0000000000e-02   4.0823785754e-02  5.0058688587e-01
2.5000000000e-02   4.2552919989e-02  5.1086032911e-01
3.0000000000e-02   4.4395527816e-02  5.2156688843e-01
3.5000000000e-02   4.6361866499e-02  5.3273466362e-01
4.0000000000e-02   4.8463390866e-02  5.4439424477e-01
4.5000000000e-02   5.0712926710e-02  5.5657899442e-01
5.0000000000e-02   5.3124874453e-02  5.6932536871e-01
5.5000000000e-02   5.5715449331e-02  5.8267328411e-01
6.0000000000e-02   5.8502965830e-02  5.9666653730e-01
6.5000000000e-02   6.1508176018e-02  6.1135328727e-01
7.0000000000e-02   6.4754673870e-02  6.2678661055e-01
7.5000000000e-02   6.8269380829e-02  6.4302514277e-01
8.0000000000e-02   7.2083131982e-02  6.6013382199e-01
8.5000000000e-02   7.6231387576e-02  6.7818475308e-01
9.0000000000e-02   8.0755101740e-02  6.9725821592e-01
9.5000000000e-02   8.5701789711e-02  7.1744384519e-01
1.0000000000e-01   9.1126847561e-02  7.3884201557e-01
1.0500000000e-01   9.7095195593e-02  7.6156547302e-01
1.1000000000e-01   1.0368334004e-01  7.8574126176e-01
1.1500000000e-01   1.1098198016e-01  8.1151300620e-01
1.2000000000e-01   1.1909933280e-01  8.3904361921e-01
1.2500000000e-01   1.2816541057e-01  8.6851852025e-01
1.3000000000e-01   1.3833757999e-01  9.0014945945e-01
1.3500000000e-01   1.4980785724e-01  9.3417905256e-01
1.4000000000e-01   1.6281258993e-01  9.7088613076e-01
1.4500000000e-01   1.7764545492e-01  1.0105919859e+00
1.5000000000e-01   1.9467512339e-01  1.0536675181e+00
1.5500000000e-01   2.1436957918e-01  1.1005411172e+00
1.6000000000e-01   2.3733004375e-01  1.1517067255e+00
1.6500000000e-01   2.6433894047e-01  1.2077307199e+00
1.7000000000e-01   2.9642859097e-01  1.2692545809e+00
1.7500000000e-01   3.3498073259e-01  1.3369868735e+00
1.8000000000e-01   3.8187182299e-01  1.4116709588e+00
1.8500000000e-01   4.3968528127e-01  1.4940001375e+00
1.9000000000e-01   5.1201675655e-01  1.5844214266e+00
1.9500000000e-01   6.0389113789e-01  1.6827068778e+00
2.0000000000e-01   7.2225172312e-01  1.7870504325e+00
2.0500000000e-01   8.7625385937e-01  1.8922474631e+00
2.1000000000e-01   1.0763862494e+00  1.9863458186e+00
2.1500000000e-01   1.3297274748e+00  2.0458279581e+00
2.2000000000e-01   1.6265824309e+00  2.0337463566e+00
2.2500000000e-01   1.9197970281e+00  1.9163327501e+00
2.3000000000e-01   2.1292329929e+00  1.7112573209e+00
2.3500000000e-01   2.2141050102e+00  1.5132737606e+00
2.4000000000e-01   2.2350694469e+00  1.4170084407e+00
2.4500000000e-01   2.2996452620e+00  1.4332213993e+00
2.5000000000e-01   2.4874710590e+00  1.5038015704e+00
2.5500000000e-01   2.8370397029e+00  1.5394377674e+00
2.6000000000e-01   3.3432659398e+00  1.4243326602e+00
2.6500000000e-01   3.9183544880e+00  1.0241592131e+00
2.7000000000e-01   4.3450326155e+00  2.7080318619e-01
2.7500000000e-01   4.3660626286e+00  -6.8657546921e-01
2.8000000000e-01   3.9389802717e+00  -1.5187045070e+00
2.8500000000e-01   3.2836500545e+00  -2.0118656561e+00
2.9000000000e-01   2.6362172338e+00  -2.1872005552e+00
2.9500000000e-01   2.1055866149e+00  -2.1631995931e+00
3.0000000000e-01   1.7066466020e+00  -2.0404564552e+00
3.0500000000e-01   1.4200300447e+00  -1.8785043113e+00
3.1000000000e-01   1.2223959080e+00  -1.7078548277e+00
3.1500000000e-01   1.0958860555e+00  -1.5439652677e+00
3.2000000000e-01   1.0292027041e+00  -1.3968224159e+00
3.2500000000e-01   1.0153057095e+00  -1.2775509630e+00
3.3000000000e-01   1.0455780972e+00  -1.2030438153e+00
3.3500000000e-01   1.0986466889e+00  -1.1948363802e+00
3.4000000000e-01   1.1304715222e+00  -1.2620500048e+00
3.4500000000e-01   1.0921005012e+00  -1.3731790507e+00
3.5000000000e-01   9.7681207417e-01  -1.4655089797e+00
3.5500000000e-01   8.2557582781e-01  -1.5004055223e+00
3.6000000000e-01   6.8049075033e-01  -1.4825626724e+00
3.6500000000e-01   5.5990631378e-01  -1.4335395123e+00
3.7000000000e-01   4.6531824138e-01  -1.3711511092e+00
3.7500000000e-01   3.9223133198e-01  -1.3056480294e+00
3.8000000000e-01   3.3548369341e-01  -1.2419685051e+00
3.8500000000e-01   2.9083833414e-01  -1.1821563020e+00
3.9000000000e-01   2.5515162522e-01  -1.1268404181e+00
3.9500000000e-01   2.2616525251e-01  -1.0760052328e+00
4.0000000000e-01   2.0226458539e-01  -1.0293661283e+00
4.0500000000e-01   1.8228661308e-01  -9.8654637714e-01
4.1000000000e-01   1.6538283627e-01  -9.4715754077e-01
4.1500000000e-01   1.5092492402e-01  -9.1083375531e-01
4.2000000000e-01   1.3844039074e-01  -8.7724426992e-01
4.2500000000e-01   1.2756859400e-01  -8.4609596988e-01
4.3000000000e-01   1.1803035153e-01  -8.1713152497e-01
4.3500000000e-01   1.0960670734e-01  -7.9012585625e-01
4.4000000000e-01   1.0212389765e-01  -7.6488218157e-01
4.4500000000e-01   9.5442569144e-02  -7.4122820259e-01
4.5000000000e-01   8.9449956153e-02  -7.1901265824e-01
4.5500000000e-01   8.4054151688e-02  -6.9810230951e-01
4.6000000000e-01   7.9179890897e-02  -6.7837934972e-01
4.6500000000e-01   7.4765457356e-02  -6.5973920862e-01
4.7000000000e-01   7.0760457147e-02  -6.4208871819e-01
4.7500000000e-01   6.7124305594e-02  -6.2534462726e-01
4.8000000000e-01   6.3825351655e-02  -6.0943249409e-01
4.8500000000e-01   6.0840631868e-02  -5.9428607114e-01
4.9000000000e-01   5.8156288559e-02  -5.7984746451e-01
4.9500000000e-01   5.5768642663e-02  -5.6606868719e-01
5.0000000000e-01   5.3685556431e-02  -5.5291586080e-01
5.0500000000e-01   5.1926378651e-02  -5.4037831500e-01
5.1000000000e-01   5.0514740842e-02  -5.2848535678e-01
5.1500000000e-01   4.9449387520e-02  -5.1732852921e-01
5.2000000000e-01   4.8630553429e-02  -5.0706111452e-01
5.2500000000e-01   4.7764394664e-02  -4.9779216270e-01
5.3000000000e-01   4.6431517474e-02  -4.8934365292e-01
5.3500000000e-01   4.4464652991e-02  -4.8119971165e-01
5.4000000000e-01   4.2149629628e-02  -4.7292739278e-01
5.4500000000e-01   3.9891497079e-02  -4.6447829416e-01
5.5000000000e-01   3.7912958078e-02  -4.5602718302e-01
5.5500000000e-01   3.6257829618e-02  -4.4776378516e-01
5.6000000000e-01   3.4869630041e-02  -4.3983007511e-01
5.6500000000e-01   3.3623511193e-02  -4.3230317016e-01
5.7000000000e-01   3.2366549199e-02  -4.2515043602e-01
5.7500000000e-01   3.1025908003e-02  -4.1823265113e-01
5.8000000000e-01   2.9659622995e-02  -4.1142870257e-01
5.8500000000e-01   2.8361065149e-02  -4.0471882818e-01
5.9000000000e-01   2.7176802584e-02  -3.9813919712e-01
5.9500000000e-01   2.6109811448e-02  -3.9172465128e-01
6.0000000000e-01   2.5145784859e-02  -3.8549268940e-01
6.0500000000e-01   2.4268219675e-02  -3.7944731562e-01
6.1000000000e-01   2.3463353987e-02  -3.7358510533e-01
6.1500000000e-01   2.2720884861e-02  -3.6789916814e-01
6.2000000000e-01   2.2033516136e-02  -3.6238124504e-01
6.2500000000e-01   2.1396402441e-02  -3.5702273718e-01
6.3000000000e-01   2.0806780381e-02  -3.5181521653e-01
6.3500000000e-01   2.0263843708e-02  -3.4675074177e-01
6.4000000000e-01   1.9768869438e-02  -3.4182220055e-01
6.4500000000e-01   1.9325591977e-02  -3.3702391086e-01
6.5000000000e-01   1.8940764097e-02  -3.3235284659e-01
6.5500000000e-01   1.8624576760e-02  -3.2781112907e-01
6.6000000000e-01   1.8389723350e-02  -3.2341075464e-01
6.6500000000e-01   1.8245568797e-02  -3.1918102841e-01
6.7000000000e-01   1.8180144894e-02  -3.1517423972e-01
6.7500000000e-01   1.8126579817e-02  -3.1144931867e-01
6.8000000000e-01   1.7950439604e-02  -3.0800363571e-01
6.8500000000e-01   1.7539581066e-02  -3.0470417888e-01
6.9000000000e-01   1.6932471800e-02  -3.0136992699e-01
6.9500000000e-01   1.6272928525e-02  -2.9792856403e-01
7.0000000000e-01   1.5673167197e-02  -2.9442016153e-01
7.0500000000e-01   1.5176129841e-02  -2.9091367733e-01
7.1000000000e-01   1.4784406781e-02  -2.8746620943e-01
7.1500000000e-01   1.4481302561e-02  -2.8412280752e-01
7.2000000000e-01   1.4229354063e-02  -2.8091901343e-01
7.2500000000e-01   1.3966161136e-02  -2.7786184692e-01
7.3000000000e-01   1.3636062340e-02  -2.7490340349e-01
7.3500000000e-01   1.3243265358e-02  -2.7196906432e-01
7.4000000000e-01   1.2840483218e-02  -2.6902289257e-01
7.4500000000e-01   1.2472878539e-02  -2.6607560046e-01
7.5000000000e-01   1.2158853437e-02  -2.6315120223e-01
7.5500000000e-01   1.1901544612e-02  -2.6026823216e-01
7.6000000000e-01   1.1700369298e-02  -2.5743904671e-01
7.6500000000e-01   1.1555029937e-02  -2.5467497348e-01
7.7000000000e-01   1.1462893671e-02  -2.5199130084e-01
7.7500000000e-01   1.1410152923e-02  -2.4940694718e-01
7.8000000000e-01   1.1364073423e-02  -2.4692959274e-01
7.8500000000e-01   1.1290738594e-02  -2.4453173110e-01
7.9000000000e-01   1.1198356996e-02  -2.4216285348e-01
7.9500000000e-01   1.1140471886e-02  -2.3980410675e-01
8.0000000000e-01   1.1169217773e-02  -2.3749208532e-01
8.0500000000e-01   1.1297961875e-02  -2.3530250284e-01
8.1000000000e-01   1.1474085693e-02  -2.3332293130e-01
8.1500000000e-01   1.1562241348e-02  -2.3158885206e-01
8.2000000000e-01   1.1417699597e-02  -2.2999699816e-01
8.2500000000e-01   1.1040276046e-02  -2.2835346248e-01
8.3000000000e-01   1.0575017449e-02  -2.2655679913e-01
8.3500000000e-01   1.0155337708e-02  -2.2464910888e-01
8.4000000000e-01   9.8219590294e-03  -2.2272629787e-01
8.4500000000e-01   9.5374163777e-03  -2.2085941934e-01
8.5000000000e-01   9.2351148531e-03  -2.1905313973e-01
8.5500000000e-01   8.8869723743e-03  -2.1725601035e-01
8.6000000000e-01   8.5233431931e-03  -2.1542714413e-01
8.6500000000e-01   8.1848194673e-03  -2.1357000233e-01
8.7000000000e-01   7.8890149722e-03  -2.1170834183e-01
8.7500000000e-01   7.6351174399e-03  -2.0986231161e-01
8.8000000000e-01   7.4157990896e-03  -2.0804323322e-01
8.8500000000e-01   7.2233983201e-03  -2.0625605795e-01
8.9000000000e-01   7.0517424290e-03  -2.0450225360e-01
8.9500000000e-01   6.8962677876e-03  -2.0278160580e-01
9.0000000000e-01   6.7537013224e-03  -2.0109315915e-01
9.0500000000e-01   6.6217211608e-03  -1.9943567429e-01
9.1000000000e-01   6.4986956902e-03  -1.9780784115e-01
9.1500000000e-01   6.3835054482e-03  -1.9620837640e-01
9.2000000000e-01   6.2754320979e-03  -1.9463607066e-01
9.2500000000e-01   6.1740992542e-03  -1.9308982278e-01
9.3000000000e-01   6.0794529415e-03  -1.9156868985e-01
9.3500000000e-01   5.9917654668e-03  -1.9007198804e-01
9.4000000000e-01   5.9116195617e-03  -1.8859949781e-01
9.4500000000e-01   5.8397423258e-03  -1.8715183602e-01
9.5000000000e-01   5.7763588815e-03  -1.8573094554e-01
9.5500000000e-01   5.7195711436e-03  -1.8434007168e-01
9.6000000000e-01   5.6632800834e-03  -1.8298139427e-01
9.6500000000e-01   5.5987880993e-03  -1.8165066664e-01
9.7000000000e-01   5.5232054210e-03  -1.8033618556e-01
9.7500000000e-01   5.4438521277e-03  -1.7902812147e-01
9.8000000000e-01   5.3709718869e-03  -1.7772508000e-01
9.8500000000e-01   5.3113921702e-03  -1.7643053759e-01
9.9000000000e-01   5.2690928268e-03  -1.7514847071e-01
9.9500000000e-01   5.2476922974e-03  -1.7388268391e-01
# sum response = 7.6258016990e+01
