(0.0,0) (Uy_,0) (Ux_,0) (0.0,0) (0.0,0) (0.0,0) (0.0,0) (0.0,0) (0.0,0) (0.0,0) (0.0,0) (0.0,0) (0.0,0) (0.0,0) (0.0,0) (0.0,0) 
 (Uy_,0) (0.0,0) (0,0) (Ux_,0) (0.0,0) (0.0,0) (0.0,0) (0.0,0) (0.0,0) (0.0,0) (0.0,0) (0.0,0) (0.0,0) (0.0,0) (0.0,0) (0.0,0) 
 (Ux_,0) (0,0) (0.0,0) (Uy_,0) (Ux_,0) (0.0,0) (0.0,0) (0.0,0) (0.0,0) (0.0,0) (0.0,0) (0.0,0) (0.0,0) (0.0,0) (0.0,0) (0.0,0) 
 (0.0,0) (Ux_,0) (Uy_,0) (0.0,0) (0,0) (Ux_,0) (0.0,0) (0.0,0) (0.0,0) (0.0,0) (0.0,0) (0.0,0) (0.0,0) (0.0,0) (0.0,0) (0.0,0) 
 (0.0,0) (0.0,0) (Ux_,0) (0,0) (0.0,0) (Uy_,0) (Ux_,0) (0.0,0) (0.0,0) (0.0,0) (0.0,0) (0.0,0) (0.0,0) (0.0,0) (0.0,0) (0.0,0) 
 (0.0,0) (0.0,0) (0.0,0) (Ux_,0) (Uy_,0) (0.0,0) (0,0) (Ux_,0) (0.0,0) (0.0,0) (0.0,0) (0.0,0) (0.0,0) (0.0,0) (0.0,0) (0.0,0) 
 (0.0,0) (0.0,0) (0.0,0) (0.0,0) (Ux_,0) (0,0) (0.0,0) (Uy_,0) (Ux_,0) (0.0,0) (0.0,0) (0.0,0) (0.0,0) (0.0,0) (0.0,0) (0.0,0) 
 (0.0,0) (0.0,0) (0.0,0) (0.0,0) (0.0,0) (Ux_,0) (Uy_,0) (0.0,0) (0,0) (Ux_,0) (0.0,0) (0.0,0) (0.0,0) (0.0,0) (0.0,0) (0.0,0) 
 (0.0,0) (0.0,0) (0.0,0) (0.0,0) (0.0,0) (0.0,0) (Ux_,0) (0,0) (0.0,0) (Uy_,0) (Ux_,0) (0.0,0) (0.0,0) (0.0,0) (0.0,0) (0.0,0) 
 (0.0,0) (0.0,0) (0.0,0) (0.0,0) (0.0,0) (0.0,0) (0.0,0) (Ux_,0) (Uy_,0) (0.0,0) (0,0) (Ux_,0) (0.0,0) (0.0,0) (0.0,0) (0.0,0) 
 (0.0,0) (0.0,0) (0.0,0) (0.0,0) (0.0,0) (0.0,0) (0.0,0) (0.0,0) (Ux_,0) (0,0) (0.0,0) (Uy_,0) (Ux_,0) (0.0,0) (0.0,0) (0.0,0) 
 (0.0,0) (0.0,0) (0.0,0) (0.0,0) (0.0,0) (0.0,0) (0.0,0) (0.0,0) (0.0,0) (Ux_,0) (Uy_,0) (0.0,0) (0,0) (Ux_,0) (0.0,0) (0.0,0) 
 (0.0,0) (0.0,0) (0.0,0) (0.0,0) (0.0,0) (0.0,0) (0.0,0) (0.0,0) (0.0,0) (0.0,0) (Ux_,0) (0,0) (0.0,0) (Uy_,0) (Ux_,0) (0.0,0) 
 (0.0,0) (0.0,0) (0.0,0) (0.0,0) (0.0,0) (0.0,0) (0.0,0) (0.0,0) (0.0,0) (0.0,0) (0.0,0) (Ux_,0) (Uy_,0) (0.0,0) (0,0) (Ux_,0) 
 (0.0,0) (0.0,0) (0.0,0) (0.0,0) (0.0,0) (0.0,0) (0.0,0) (0.0,0) (0.0,0) (0.0,0) (0.0,0) (0.0,0) (Ux_,0) (0,0) (0.0,0) (Uy_,0) 
 (0.0,0) (0.0,0) (0.0,0) (0.0,0) (0.0,0) (0.0,0) (0.0,0) (0.0,0) (0.0,0) (0.0,0) (0.0,0) (0.0,0) (0.0,0) (Ux_,0) (Uy_,0) (0.0,0) 
 