(0.0,0)  (ty_,0) (tx_,0)  (0.0,0)  (0.0,0)  (0.0,0)  (0.0,0)  (0.0,0)  (0.0,0)  (0.0,0)  (0.0,0)  (0.0,0)  (0.0,0)  (0.0,0)  (0.0,0)  (0.0,0)  
(ty_,0) (0.0,0)  (0,0) (tx_,0)  (0.0,0)  (0.0,0)  (0.0,0)  (0.0,0)  (0.0,0)  (0.0,0)  (0.0,0)  (0.0,0)  (0.0,0)  (0.0,0)  (0.0,0)  (0.0,0)  
(tx_,0)  (0,0) (0.0,0)  (ty_,0) (tx_,0)  (0.0,0)  (0.0,0)  (0.0,0)  (0.0,0)  (0.0,0)  (0.0,0)  (0.0,0)  (0.0,0)  (0.0,0)  (0.0,0)  (0.0,0)  
(0.0,0)  (tx_,0)  (ty_,0) (0.0,0)  (0,0) (tx_,0)  (0.0,0)  (0.0,0)  (0.0,0)  (0.0,0)  (0.0,0)  (0.0,0)  (0.0,0)  (0.0,0)  (0.0,0)  (0.0,0)  
(0.0,0)  (0.0,0)  (tx_,0)  (0,0) (0.0,0)  (ty_,0) (tx_,0)  (0.0,0)  (0.0,0)  (0.0,0)  (0.0,0)  (0.0,0)  (0.0,0)  (0.0,0)  (0.0,0)  (0.0,0)  
(0.0,0)  (0.0,0)  (0.0,0)  (tx_,0)  (ty_,0) (0.0,0)  (0,0) (tx_,0)  (0.0,0)  (0.0,0)  (0.0,0)  (0.0,0)  (0.0,0)  (0.0,0)  (0.0,0)  (0.0,0)  
(0.0,0)  (0.0,0)  (0.0,0)  (0.0,0)  (tx_,0)  (0,0) (0.0,0)  (ty_,0) (tx_,0)  (0.0,0)  (0.0,0)  (0.0,0)  (0.0,0)  (0.0,0)  (0.0,0)  (0.0,0)  
(0.0,0)  (0.0,0)  (0.0,0)  (0.0,0)  (0.0,0)  (tx_,0)  (ty_,0) (0.0,0)  (0,0) (tx_,0)  (0.0,0)  (0.0,0)  (0.0,0)  (0.0,0)  (0.0,0)  (0.0,0)  
(0.0,0)  (0.0,0)  (0.0,0)  (0.0,0)  (0.0,0)  (0.0,0)  (tx_,0)  (0,0) (0.0,0)  (ty_,0) (tx_,0)  (0.0,0)  (0.0,0)  (0.0,0)  (0.0,0)  (0.0,0)  
(0.0,0)  (0.0,0)  (0.0,0)  (0.0,0)  (0.0,0)  (0.0,0)  (0.0,0)  (tx_,0)  (ty_,0) (0.0,0)  (0,0) (tx_,0)  (0.0,0)  (0.0,0)  (0.0,0)  (0.0,0)  
(0.0,0)  (0.0,0)  (0.0,0)  (0.0,0)  (0.0,0)  (0.0,0)  (0.0,0)  (0.0,0)  (tx_,0)  (0,0) (0.0,0)  (ty_,0) (tx_,0)  (0.0,0)  (0.0,0)  (0.0,0)  
(0.0,0)  (0.0,0)  (0.0,0)  (0.0,0)  (0.0,0)  (0.0,0)  (0.0,0)  (0.0,0)  (0.0,0)  (tx_,0)  (ty_,0) (0.0,0)  (0,0) (tx_,0)  (0.0,0)  (0.0,0)  
(0.0,0)  (0.0,0)  (0.0,0)  (0.0,0)  (0.0,0)  (0.0,0)  (0.0,0)  (0.0,0)  (0.0,0)  (0.0,0)  (tx_,0)  (0,0) (0.0,0)  (ty_,0) (tx_,0)  (0.0,0)  
(0.0,0)  (0.0,0)  (0.0,0)  (0.0,0)  (0.0,0)  (0.0,0)  (0.0,0)  (0.0,0)  (0.0,0)  (0.0,0)  (0.0,0)  (tx_,0)  (ty_,0) (0.0,0)  (0,0) (tx_,0)  
(0.0,0)  (0.0,0)  (0.0,0)  (0.0,0)  (0.0,0)  (0.0,0)  (0.0,0)  (0.0,0)  (0.0,0)  (0.0,0)  (0.0,0)  (0.0,0)  (tx_,0)  (0,0) (0.0,0)  (ty_,0) 
(0.0,0)  (0.0,0)  (0.0,0)  (0.0,0)  (0.0,0)  (0.0,0)  (0.0,0)  (0.0,0)  (0.0,0)  (0.0,0)  (0.0,0)  (0.0,0)  (0.0,0)  (tx_,0)  (ty_,0) (0.0,0)  
