(0.0,0) (Jypm_,0) (Jxpm_,0) (0.0,0) (0.0,0) (0.0,0) (0.0,0) (0.0,0) (0.0,0) (0.0,0) (0.0,0) (0.0,0) (0.0,0) (0.0,0) (0.0,0) (0.0,0) 
 (Jypm_,0) (0.0,0) (0,0) (Jxpm_,0) (0.0,0) (0.0,0) (0.0,0) (0.0,0) (0.0,0) (0.0,0) (0.0,0) (0.0,0) (0.0,0) (0.0,0) (0.0,0) (0.0,0) 
 (Jxpm_,0) (0,0) (0.0,0) (Jypm_,0) (Jxpm_,0) (0.0,0) (0.0,0) (0.0,0) (0.0,0) (0.0,0) (0.0,0) (0.0,0) (0.0,0) (0.0,0) (0.0,0) (0.0,0) 
 (0.0,0) (Jxpm_,0) (Jypm_,0) (0.0,0) (0,0) (Jxpm_,0) (0.0,0) (0.0,0) (0.0,0) (0.0,0) (0.0,0) (0.0,0) (0.0,0) (0.0,0) (0.0,0) (0.0,0) 
 (0.0,0) (0.0,0) (Jxpm_,0) (0,0) (0.0,0) (Jypm_,0) (Jxpm_,0) (0.0,0) (0.0,0) (0.0,0) (0.0,0) (0.0,0) (0.0,0) (0.0,0) (0.0,0) (0.0,0) 
 (0.0,0) (0.0,0) (0.0,0) (Jxpm_,0) (Jypm_,0) (0.0,0) (0,0) (Jxpm_,0) (0.0,0) (0.0,0) (0.0,0) (0.0,0) (0.0,0) (0.0,0) (0.0,0) (0.0,0) 
 (0.0,0) (0.0,0) (0.0,0) (0.0,0) (Jxpm_,0) (0,0) (0.0,0) (Jypm_,0) (Jxpm_,0) (0.0,0) (0.0,0) (0.0,0) (0.0,0) (0.0,0) (0.0,0) (0.0,0) 
 (0.0,0) (0.0,0) (0.0,0) (0.0,0) (0.0,0) (Jxpm_,0) (Jypm_,0) (0.0,0) (0,0) (Jxpm_,0) (0.0,0) (0.0,0) (0.0,0) (0.0,0) (0.0,0) (0.0,0) 
 (0.0,0) (0.0,0) (0.0,0) (0.0,0) (0.0,0) (0.0,0) (Jxpm_,0) (0,0) (0.0,0) (Jypm_,0) (Jxpm_,0) (0.0,0) (0.0,0) (0.0,0) (0.0,0) (0.0,0) 
 (0.0,0) (0.0,0) (0.0,0) (0.0,0) (0.0,0) (0.0,0) (0.0,0) (Jxpm_,0) (Jypm_,0) (0.0,0) (0,0) (Jxpm_,0) (0.0,0) (0.0,0) (0.0,0) (0.0,0) 
 (0.0,0) (0.0,0) (0.0,0) (0.0,0) (0.0,0) (0.0,0) (0.0,0) (0.0,0) (Jxpm_,0) (0,0) (0.0,0) (Jypm_,0) (Jxpm_,0) (0.0,0) (0.0,0) (0.0,0) 
 (0.0,0) (0.0,0) (0.0,0) (0.0,0) (0.0,0) (0.0,0) (0.0,0) (0.0,0) (0.0,0) (Jxpm_,0) (Jypm_,0) (0.0,0) (0,0) (Jxpm_,0) (0.0,0) (0.0,0) 
 (0.0,0) (0.0,0) (0.0,0) (0.0,0) (0.0,0) (0.0,0) (0.0,0) (0.0,0) (0.0,0) (0.0,0) (Jxpm_,0) (0,0) (0.0,0) (Jypm_,0) (Jxpm_,0) (0.0,0) 
 (0.0,0) (0.0,0) (0.0,0) (0.0,0) (0.0,0) (0.0,0) (0.0,0) (0.0,0) (0.0,0) (0.0,0) (0.0,0) (Jxpm_,0) (Jypm_,0) (0.0,0) (0,0) (Jxpm_,0) 
 (0.0,0) (0.0,0) (0.0,0) (0.0,0) (0.0,0) (0.0,0) (0.0,0) (0.0,0) (0.0,0) (0.0,0) (0.0,0) (0.0,0) (Jxpm_,0) (0,0) (0.0,0) (Jypm_,0) 
 (0.0,0) (0.0,0) (0.0,0) (0.0,0) (0.0,0) (0.0,0) (0.0,0) (0.0,0) (0.0,0) (0.0,0) (0.0,0) (0.0,0) (0.0,0) (Jxpm_,0) (Jypm_,0) (0.0,0) 
 