(0.0,0) (Jyzz_,0) (Jxzz_,0) (0.0,0) (0.0,0) (0.0,0) (0.0,0) (0.0,0) (0.0,0) (0.0,0) (0.0,0) (0.0,0) (0.0,0) (0.0,0) (0.0,0) (0.0,0) 
 (Jyzz_,0) (0.0,0) (0,0) (Jxzz_,0) (0.0,0) (0.0,0) (0.0,0) (0.0,0) (0.0,0) (0.0,0) (0.0,0) (0.0,0) (0.0,0) (0.0,0) (0.0,0) (0.0,0) 
 (Jxzz_,0) (0,0) (0.0,0) (Jyzz_,0) (Jxzz_,0) (0.0,0) (0.0,0) (0.0,0) (0.0,0) (0.0,0) (0.0,0) (0.0,0) (0.0,0) (0.0,0) (0.0,0) (0.0,0) 
 (0.0,0) (Jxzz_,0) (Jyzz_,0) (0.0,0) (0,0) (Jxzz_,0) (0.0,0) (0.0,0) (0.0,0) (0.0,0) (0.0,0) (0.0,0) (0.0,0) (0.0,0) (0.0,0) (0.0,0) 
 (0.0,0) (0.0,0) (Jxzz_,0) (0,0) (0.0,0) (Jyzz_,0) (Jxzz_,0) (0.0,0) (0.0,0) (0.0,0) (0.0,0) (0.0,0) (0.0,0) (0.0,0) (0.0,0) (0.0,0) 
 (0.0,0) (0.0,0) (0.0,0) (Jxzz_,0) (Jyzz_,0) (0.0,0) (0,0) (Jxzz_,0) (0.0,0) (0.0,0) (0.0,0) (0.0,0) (0.0,0) (0.0,0) (0.0,0) (0.0,0) 
 (0.0,0) (0.0,0) (0.0,0) (0.0,0) (Jxzz_,0) (0,0) (0.0,0) (Jyzz_,0) (Jxzz_,0) (0.0,0) (0.0,0) (0.0,0) (0.0,0) (0.0,0) (0.0,0) (0.0,0) 
 (0.0,0) (0.0,0) (0.0,0) (0.0,0) (0.0,0) (Jxzz_,0) (Jyzz_,0) (0.0,0) (0,0) (Jxzz_,0) (0.0,0) (0.0,0) (0.0,0) (0.0,0) (0.0,0) (0.0,0) 
 (0.0,0) (0.0,0) (0.0,0) (0.0,0) (0.0,0) (0.0,0) (Jxzz_,0) (0,0) (0.0,0) (Jyzz_,0) (Jxzz_,0) (0.0,0) (0.0,0) (0.0,0) (0.0,0) (0.0,0) 
 (0.0,0) (0.0,0) (0.0,0) (0.0,0) (0.0,0) (0.0,0) (0.0,0) (Jxzz_,0) (Jyzz_,0) (0.0,0) (0,0) (Jxzz_,0) (0.0,0) (0.0,0) (0.0,0) (0.0,0) 
 (0.0,0) (0.0,0) (0.0,0) (0.0,0) (0.0,0) (0.0,0) (0.0,0) (0.0,0) (Jxzz_,0) (0,0) (0.0,0) (Jyzz_,0) (Jxzz_,0) (0.0,0) (0.0,0) (0.0,0) 
 (0.0,0) (0.0,0) (0.0,0) (0.0,0) (0.0,0) (0.0,0) (0.0,0) (0.0,0) (0.0,0) (Jxzz_,0) (Jyzz_,0) (0.0,0) (0,0) (Jxzz_,0) (0.0,0) (0.0,0) 
 (0.0,0) (0.0,0) (0.0,0) (0.0,0) (0.0,0) (0.0,0) (0.0,0) (0.0,0) (0.0,0) (0.0,0) (Jxzz_,0) (0,0) (0.0,0) (Jyzz_,0) (Jxzz_,0) (0.0,0) 
 (0.0,0) (0.0,0) (0.0,0) (0.0,0) (0.0,0) (0.0,0) (0.0,0) (0.0,0) (0.0,0) (0.0,0) (0.0,0) (Jxzz_,0) (Jyzz_,0) (0.0,0) (0,0) (Jxzz_,0) 
 (0.0,0) (0.0,0) (0.0,0) (0.0,0) (0.0,0) (0.0,0) (0.0,0) (0.0,0) (0.0,0) (0.0,0) (0.0,0) (0.0,0) (Jxzz_,0) (0,0) (0.0,0) (Jyzz_,0) 
 (0.0,0) (0.0,0) (0.0,0) (0.0,0) (0.0,0) (0.0,0) (0.0,0) (0.0,0) (0.0,0) (0.0,0) (0.0,0) (0.0,0) (0.0,0) (Jxzz_,0) (Jyzz_,0) (0.0,0) 
 