0.0000000000e+00   1.1273246902e+01  1.1538483038e+01
5.0000000000e-03   1.3200449842e+01  1.0730996796e+01
1.0000000000e-02   1.4791020176e+01  9.6364866320e+00
1.5000000000e-02   1.6246873015e+01  8.6165349419e+00
2.0000000000e-02   1.8069346694e+01  7.5589965411e+00
2.5000000000e-02   2.0438936300e+01  5.7849261588e+00
3.0000000000e-02   2.2744120089e+01  2.5245691612e+00
3.5000000000e-02   2.3653808138e+01  -2.2163680393e+00
4.0000000000e-02   2.2223965072e+01  -7.1275240185e+00
4.5000000000e-02   1.8999244013e+01  -1.0650579423e+01
5.0000000000e-02   1.5308836932e+01  -1.2348518271e+01
5.5000000000e-02   1.2044835806e+01  -1.2702583800e+01
6.0000000000e-02   9.4665269511e+00  -1.2324445422e+01
6.5000000000e-02   7.5166996900e+00  -1.1627134544e+01
7.0000000000e-02   6.0567825958e+00  -1.0831529797e+01
7.5000000000e-02   4.9575640622e+00  -1.0041774270e+01
8.0000000000e-02   4.1197603507e+00  -9.3015637042e+00
8.5000000000e-02   3.4718717383e+00  -8.6255411486e+00
9.0000000000e-02   2.9634108500e+00  -8.0151190908e+00
9.5000000000e-02   2.5587452961e+00  -7.4661195569e+00
1.0000000000e-01   2.2325218018e+00  -6.9723696131e+00
1.0500000000e-01   1.9664861674e+00  -6.5273415562e+00
1.1000000000e-01   1.7473225389e+00  -6.1248570658e+00
1.1500000000e-01   1.5651907467e+00  -5.7593480621e+00
1.2000000000e-01   1.4127313475e+00  -5.4259123385e+00
1.2500000000e-01   1.2843829855e+00  -5.1202789020e+00
1.3000000000e-01   1.1759096175e+00  -4.8387380968e+00
1.3500000000e-01   1.0840705007e+00  -4.5780623249e+00
1.4000000000e-01   1.0063890343e+00  -4.3354288657e+00
1.4500000000e-01   9.4099178844e-01  -4.1083493687e+00
1.5000000000e-01   8.8649925765e-01  -3.8946073676e+00
1.5500000000e-01   8.4195698949e-01  -3.6922038787e+00
1.6000000000e-01   8.0680108808e-01  -3.4993109950e+00
1.6500000000e-01   7.8085664576e-01  -3.3142341665e+00
1.7000000000e-01   7.6437222527e-01  -3.1353858368e+00
1.7500000000e-01   7.5809885372e-01  -2.9612772184e+00
1.8000000000e-01   7.6342879375e-01  -2.7905433326e+00
1.8500000000e-01   7.8261781558e-01  -2.6220335380e+00
1.9000000000e-01   8.1912269083e-01  -2.4550350112e+00
1.9500000000e-01   8.7808255359e-01  -2.2897689500e+00
2.0000000000e-01   9.6691998509e-01  -2.1284426561e+00
2.0500000000e-01   1.0958119335e+00  -1.9773958850e+00
2.1000000000e-01   1.2770383526e+00  -1.8511881305e+00
2.1500000000e-01   1.5202442785e+00  -1.7791409224e+00
2.2000000000e-01   1.8172981633e+00  -1.8108895360e+00
2.2500000000e-01   2.1127938854e+00  -2.0040677668e+00
2.3000000000e-01   2.2890600613e+00  -2.3664893110e+00
2.3500000000e-01   2.2392171483e+00  -2.7901986919e+00
2.4000000000e-01   1.9860756579e+00  -3.1140435012e+00
2.4500000000e-01   1.6536925903e+00  -3.2669108561e+00
2.5000000000e-01   1.3429898895e+00  -3.2807104175e+00
2.5500000000e-01   1.0913255334e+00  -3.2144228000e+00
2.6000000000e-01   8.9867875356e-01  -3.1116307537e+00
2.6500000000e-01   7.5340553476e-01  -2.9966139690e+00
2.7000000000e-01   6.4339003697e-01  -2.8811393303e+00
2.7500000000e-01   5.5903120938e-01  -2.7703165650e+00
2.8000000000e-01   4.9335848065e-01  -2.6660036131e+00
2.8500000000e-01   4.4146079652e-01  -2.5685524039e+00
2.9000000000e-01   3.9990538206e-01  -2.4776611267e+00
2.9500000000e-01   3.6629502311e-01  -2.3927826692e+00
3.0000000000e-01   3.3896150970e-01  -2.3133219397e+00
3.0500000000e-01   3.1676072450e-01  -2.2387405393e+00
3.1000000000e-01   2.9893093716e-01  -2.1686336857e+00
3.1500000000e-01   2.8496594309e-01  -2.1028187332e+00
3.2000000000e-01   2.7442081589e-01  -2.0414394149e+00
3.2500000000e-01   2.6653679416e-01  -1.9849668298e+00
3.3000000000e-01   2.5977276063e-01  -1.9337255755e+00
3.3500000000e-01   2.5207739947e-01  -1.8867850623e+00
3.4000000000e-01   2.4260046666e-01  -1.8416946858e+00
3.4500000000e-01   2.3266310285e-01  -1.7964141270e+00
3.5000000000e-01   2.2424591009e-01  -1.7507981155e+00
3.5500000000e-01   2.1851760385e-01  -1.7059820763e+00
3.6000000000e-01   2.1563333290e-01  -1.6635302868e+00
3.6500000000e-01   2.1464614241e-01  -1.6250702179e+00
3.7000000000e-01   2.1319304419e-01  -1.5914772228e+00
3.7500000000e-01   2.0836770971e-01  -1.5613373222e+00
3.8000000000e-01   1.9938956331e-01  -1.5311612107e+00
3.8500000000e-01   1.8836156187e-01  -1.4984568857e+00
3.9000000000e-01   1.7775636817e-01  -1.4632272959e+00
3.9500000000e-01   1.6874869947e-01  -1.4266129107e+00
4.0000000000e-01   1.6148760522e-01  -1.3896127096e+00
4.0500000000e-01   1.5573319883e-01  -1.3527926002e+00
4.1000000000e-01   1.5119098578e-01  -1.3163993631e+00
4.1500000000e-01   1.4761727817e-01  -1.2805026764e+00
4.2000000000e-01   1.4483343607e-01  -1.2450848071e+00
4.2500000000e-01   1.4271452439e-01  -1.2100879642e+00
4.3000000000e-01   1.4117401999e-01  -1.1754372381e+00
4.3500000000e-01   1.4015021640e-01  -1.1410491635e+00
4.4000000000e-01   1.3959853333e-01  -1.1068303095e+00
4.4500000000e-01   1.3949467997e-01  -1.0726748927e+00
4.5000000000e-01   1.3983956785e-01  -1.0384733346e+00
4.5500000000e-01   1.4065135617e-01  -1.0041220038e+00
4.6000000000e-01   1.4195496991e-01  -9.6952006310e-01
4.6500000000e-01   1.4378058947e-01  -9.3456181145e-01
4.7000000000e-01   1.4616664044e-01  -8.9913252497e-01
4.7500000000e-01   1.4916266636e-01  -8.6310665838e-01
4.8000000000e-01   1.5283167790e-01  -8.2634628514e-01
4.8500000000e-01   1.5725265187e-01  -7.8869904723e-01
4.9000000000e-01   1.6252369422e-01  -7.4999550009e-01
4.9500000000e-01   1.6876622953e-01  -7.1004583489e-01
5.0000000000e-01   1.7613058157e-01  -6.6863592979e-01
5.0500000000e-01   1.8480341581e-01  -6.2552264540e-01
5.1000000000e-01   1.9501770369e-01  -5.8042826370e-01
5.1500000000e-01   2.0706615055e-01  -5.3303398590e-01
5.2000000000e-01   2.2131943949e-01  -4.8297248043e-01
5.2500000000e-01   2.3825122803e-01  -4.2981966488e-01
5.3000000000e-01   2.5847263181e-01  -3.7308632043e-01
5.3500000000e-01   2.8277989918e-01  -3.1221092596e-01
5.4000000000e-01   3.1221986222e-01  -2.4655626707e-01
5.4500000000e-01   3.4817820663e-01  -1.7541290793e-01
5.5000000000e-01   3.9249820052e-01  -9.8008728221e-02
5.5500000000e-01   4.4765890616e-01  -1.3515219392e-02
5.6000000000e-01   5.1710372857e-01  7.8925896085e-02
5.6500000000e-01   6.0581232339e-01  1.7998360488e-01
5.7000000000e-01   7.2102097255e-01  2.8949135361e-01
5.7500000000e-01   8.7300802154e-01  4.0525842825e-01
5.8000000000e-01   1.0759962605e+00  5.2085575397e-01
5.8500000000e-01   1.3485473200e+00  6.2117044522e-01
5.9000000000e-01   1.7108667906e+00  6.7423253538e-01
5.9500000000e-01   2.1722163203e+00  6.1977206427e-01
6.0000000000e-01   2.6970087733e+00  3.6619196018e-01
6.0500000000e-01   3.1549700335e+00  -1.6545022216e-01
6.1000000000e-01   3.3378378844e+00  -9.2319832284e-01
6.1500000000e-01   3.1363484790e+00  -1.6722776312e+00
6.2000000000e-01   2.6720117180e+00  -2.1857033277e+00
6.2500000000e-01   2.1520876950e+00  -2.4228592714e+00
6.3000000000e-01   1.7004055541e+00  -2.4661909065e+00
6.3500000000e-01   1.3486040561e+00  -2.4058463430e+00
6.4000000000e-01   1.0863125989e+00  -2.3000086048e+00
6.4500000000e-01   8.9355119927e-01  -2.1792117662e+00
6.5000000000e-01   7.5247770270e-01  -2.0577417995e+00
6.5500000000e-01   6.4984807325e-01  -1.9416172810e+00
6.6000000000e-01   5.7662215513e-01  -1.8330118834e+00
6.6500000000e-01   5.2705287260e-01  -1.7326022534e+00
6.7000000000e-01   4.9786262372e-01  -1.6409716428e+00
6.7500000000e-01   4.8742667150e-01  -1.5597635380e+00
6.8000000000e-01   4.9440388779e-01  -1.4928777892e+00
6.8500000000e-01   5.1479418128e-01  -1.4470339214e+00
6.9000000000e-01   5.3744116033e-01  -1.4287417250e+00
6.9500000000e-01   5.4407071968e-01  -1.4346769160e+00
7.0000000000e-01   5.2309158758e-01  -1.4453978513e+00
7.0500000000e-01   4.8306140452e-01  -1.4396713197e+00
7.1000000000e-01   4.4258946479e-01  -1.4118605147e+00
7.1500000000e-01   4.1462374089e-01  -1.3686960370e+00
7.2000000000e-01   4.0434996996e-01  -1.3193776834e+00
7.2500000000e-01   4.1313597451e-01  -1.2722743245e+00
7.3000000000e-01   4.4026311951e-01  -1.2362564989e+00
7.3500000000e-01   4.8057031558e-01  -1.2219948540e+00
7.4000000000e-01   5.1957934147e-01  -1.2381069179e+00
7.4500000000e-01   5.3533422544e-01  -1.2793272116e+00
7.5000000000e-01   5.1682768482e-01  -1.3215970396e+00
7.5500000000e-01   4.7746341078e-01  -1.3424060801e+00
7.6000000000e-01   4.3950657962e-01  -1.3398329774e+00
7.6500000000e-01   4.1544628376e-01  -1.3265157674e+00
7.7000000000e-01   4.0464604873e-01  -1.3172493082e+00
7.7500000000e-01   3.9616728038e-01  -1.3207021392e+00
7.8000000000e-01   3.7633560197e-01  -1.3327440246e+00
7.8500000000e-01   3.4178036746e-01  -1.3394676275e+00
7.9000000000e-01   3.0170500049e-01  -1.3317453420e+00
7.9500000000e-01   2.6641356321e-01  -1.3110800368e+00
8.0000000000e-01   2.4066152926e-01  -1.2835539633e+00
8.0500000000e-01   2.2496196820e-01  -1.2549140762e+00
8.1000000000e-01   2.1764401574e-01  -1.2297964181e+00
8.1500000000e-01   2.1497856629e-01  -1.2117637514e+00
8.2000000000e-01   2.1101094392e-01  -1.2015262451e+00
8.2500000000e-01   2.0067721451e-01  -1.1946919617e+00
8.3000000000e-01   1.8454725202e-01  -1.1846712363e+00
8.3500000000e-01   1.6744492250e-01  -1.1685809215e+00
8.4000000000e-01   1.5336695629e-01  -1.1476953124e+00
8.4500000000e-01   1.4392441386e-01  -1.1244083762e+00
8.5000000000e-01   1.3943712792e-01  -1.1006514589e+00
8.5500000000e-01   1.3994697241e-01  -1.0779400306e+00
8.6000000000e-01   1.4549122259e-01  -1.0579668940e+00
8.6500000000e-01   1.5561752328e-01  -1.0432050140e+00
8.7000000000e-01   1.6800217017e-01  -1.0368459927e+00
8.7500000000e-01   1.7699747376e-01  -1.0406101880e+00
8.8000000000e-01   1.7572317258e-01  -1.0506819646e+00
8.8500000000e-01   1.6273769175e-01  -1.0583327456e+00
8.9000000000e-01   1.4366387989e-01  -1.0576203451e+00
8.9500000000e-01   1.2480641728e-01  -1.0488578240e+00
9.0000000000e-01   1.0914775513e-01  -1.0350949456e+00
9.0500000000e-01   9.7124135763e-02  -1.0189749322e+00
9.1000000000e-01   8.8220489291e-02  -1.0020521854e+00
9.1500000000e-01   8.1797293862e-02  -9.8508933827e-01
9.2000000000e-01   7.7355505340e-02  -9.6841498482e-01
9.2500000000e-01   7.4582279266e-02  -9.5215456398e-01
9.3000000000e-01   7.3338863166e-02  -9.3636674802e-01
9.3500000000e-01   7.3641394446e-02  -9.2114167841e-01
9.4000000000e-01   7.5632680670e-02  -9.0670847008e-01
9.4500000000e-01   7.9495522169e-02  -8.9358690787e-01
9.5000000000e-01   8.5181343738e-02  -8.8275859556e-01
9.5500000000e-01   9.1793391221e-02  -8.7559399706e-01
9.6000000000e-01   9.6930376693e-02  -8.7287164355e-01
9.6500000000e-01   9.7572542663e-02  -8.7293868291e-01
9.7000000000e-01   9.3068319018e-02  -8.7189090510e-01
9.7500000000e-01   8.5983341381e-02  -8.6699438141e-01
9.8000000000e-01   7.9289666509e-02  -8.5834381309e-01
9.8500000000e-01   7.4522664342e-02  -8.4733986322e-01
9.9000000000e-01   7.2112796155e-02  -8.3528809629e-01
9.9500000000e-01   7.2108805125e-02  -8.2314496041e-01
# sum response = 3.5812888313e+02
