0.0000000000e+00   1.1273249224e+01  1.1538484393e+01
5.0000000000e-03   1.3200452448e+01  1.0730997694e+01
1.0000000000e-02   1.4791022832e+01  9.6364869999e+00
1.5000000000e-02   1.6246875512e+01  8.6165348804e+00
2.0000000000e-02   1.8069348972e+01  7.5589962172e+00
2.5000000000e-02   2.0438938404e+01  5.7849256756e+00
3.0000000000e-02   2.2744122074e+01  2.5245685260e+00
3.5000000000e-02   2.3653809991e+01  -2.2163688627e+00
4.0000000000e-02   2.2223966722e+01  -7.1275250258e+00
4.5000000000e-02   1.8999245404e+01  -1.0650580543e+01
5.0000000000e-02   1.5308838064e+01  -1.2348519415e+01
5.5000000000e-02   1.2044836717e+01  -1.2702584904e+01
6.0000000000e-02   9.4665276887e+00  -1.2324446455e+01
6.5000000000e-02   7.5167002952e+00  -1.1627135494e+01
7.0000000000e-02   6.0567831005e+00  -1.0831530663e+01
7.5000000000e-02   4.9575644899e+00  -1.0041775057e+01
8.0000000000e-02   4.1197607189e+00  -9.3015644169e+00
8.5000000000e-02   3.4718720598e+00  -8.6255417932e+00
9.0000000000e-02   2.9634111346e+00  -8.0151196730e+00
9.5000000000e-02   2.5587455512e+00  -7.4661200817e+00
1.0000000000e-01   2.2325220333e+00  -6.9723700847e+00
1.0500000000e-01   1.9664863799e+00  -6.5273419785e+00
1.1000000000e-01   1.7473227362e+00  -6.1248574418e+00
1.1500000000e-01   1.5651909319e+00  -5.7593483945e+00
1.2000000000e-01   1.4127315232e+00  -5.4259126293e+00
1.2500000000e-01   1.2843831542e+00  -5.1202791530e+00
1.3000000000e-01   1.1759097813e+00  -4.8387383092e+00
1.3500000000e-01   1.0840706615e+00  -4.5780624995e+00
1.4000000000e-01   1.0063891941e+00  -4.3354290031e+00
1.4500000000e-01   9.4099194935e-01  -4.1083494689e+00
1.5000000000e-01   8.8649942174e-01  -3.8946074304e+00
1.5500000000e-01   8.4195715913e-01  -3.6922039034e+00
1.6000000000e-01   8.0680126598e-01  -3.4993109806e+00
1.6500000000e-01   7.8085683515e-01  -3.3142341115e+00
1.7000000000e-01   7.6437243008e-01  -3.1353857392e+00
1.7500000000e-01   7.5809907893e-01  -2.9612770758e+00
1.8000000000e-01   7.6342904577e-01  -2.7905431421e+00
1.8500000000e-01   7.8261810288e-01  -2.6220332962e+00
1.9000000000e-01   8.1912302479e-01  -2.4550347148e+00
1.9500000000e-01   8.7808294977e-01  -2.2897685962e+00
2.0000000000e-01   9.6692046500e-01  -2.1284422442e+00
2.0500000000e-01   1.0958125267e+00  -1.9773954195e+00
2.1000000000e-01   1.2770390980e+00  -1.8511876273e+00
2.1500000000e-01   1.5202452229e+00  -1.7791404205e+00
2.2000000000e-01   1.8172993472e+00  -1.8108891127e+00
2.2500000000e-01   2.1127953067e+00  -2.0040675443e+00
2.3000000000e-01   2.2890616272e+00  -2.3664894176e+00
2.3500000000e-01   2.2392186837e+00  -2.7901991730e+00
2.4000000000e-01   1.9860770052e+00  -3.1140442780e+00
2.4500000000e-01   1.6536936875e+00  -3.2669117952e+00
2.5000000000e-01   1.3429907524e+00  -3.2807114102e+00
2.5500000000e-01   1.0913262068e+00  -3.2144237832e+00
2.6000000000e-01   8.9867928216e-01  -3.1116316981e+00
2.6500000000e-01   7.5340595423e-01  -2.9966148642e+00
2.7000000000e-01   6.4339037355e-01  -2.8811401750e+00
2.7500000000e-01   5.5903148176e-01  -2.7703173623e+00
2.8000000000e-01   4.9335870190e-01  -2.6660043674e+00
2.8500000000e-01   4.4146097566e-01  -2.5685531202e+00
2.9000000000e-01   3.9990552500e-01  -2.4776618099e+00
2.9500000000e-01   3.6629513328e-01  -2.3927833238e+00
3.0000000000e-01   3.3896158834e-01  -2.3133225695e+00
3.0500000000e-01   3.1676077071e-01  -2.2387411473e+00
3.1000000000e-01   2.9893094779e-01  -2.1686342730e+00
3.1500000000e-01   2.8496591288e-01  -2.1028192982e+00
3.2000000000e-01   2.7442073858e-01  -2.0414399507e+00
3.2500000000e-01   2.6653666653e-01  -1.9849673217e+00
3.3000000000e-01   2.5977259018e-01  -1.9337260034e+00
3.3500000000e-01   2.5207720956e-01  -1.8867854114e+00
3.4000000000e-01   2.4260028687e-01  -1.8416949604e+00
3.4500000000e-01   2.3266295118e-01  -1.7964143475e+00
3.5000000000e-01   2.2424578819e-01  -1.7507983032e+00
3.5500000000e-01   2.1851750419e-01  -1.7059822446e+00
3.6000000000e-01   2.1563324608e-01  -1.6635304406e+00
3.6500000000e-01   2.1464606155e-01  -1.6250703554e+00
3.7000000000e-01   2.1319296791e-01  -1.5914773391e+00
3.7500000000e-01   2.0836764241e-01  -1.5613374143e+00
3.8000000000e-01   1.9938951070e-01  -1.5311612813e+00
3.8500000000e-01   1.8836152613e-01  -1.4984569408e+00
3.9000000000e-01   1.7775634783e-01  -1.4632273407e+00
3.9500000000e-01   1.6874869160e-01  -1.4266129482e+00
4.0000000000e-01   1.6148760699e-01  -1.3896127411e+00
4.0500000000e-01   1.5573320797e-01  -1.3527926260e+00
4.1000000000e-01   1.5119100058e-01  -1.3163993830e+00
4.1500000000e-01   1.4761729737e-01  -1.2805026898e+00
4.2000000000e-01   1.4483345882e-01  -1.2450848134e+00
4.2500000000e-01   1.4271455024e-01  -1.2100879625e+00
4.3000000000e-01   1.4117404906e-01  -1.1754372275e+00
4.3500000000e-01   1.4015024959e-01  -1.1410491435e+00
4.4000000000e-01   1.3959857160e-01  -1.1068302809e+00
4.4500000000e-01   1.3949472290e-01  -1.0726748570e+00
4.5000000000e-01   1.3983961368e-01  -1.0384732922e+00
4.5500000000e-01   1.4065140347e-01  -1.0041219537e+00
4.6000000000e-01   1.4195501825e-01  -9.6952000382e-01
4.6500000000e-01   1.4378063904e-01  -9.3456174176e-01
4.7000000000e-01   1.4616669166e-01  -8.9913244391e-01
4.7500000000e-01   1.4916271966e-01  -8.6310656517e-01
4.8000000000e-01   1.5283173373e-01  -8.2634617903e-01
4.8500000000e-01   1.5725271067e-01  -7.8869892749e-01
4.9000000000e-01   1.6252375644e-01  -7.4999536592e-01
4.9500000000e-01   1.6876629569e-01  -7.1004568542e-01
5.0000000000e-01   1.7613065221e-01  -6.6863576406e-01
5.0500000000e-01   1.8480349156e-01  -6.2552246231e-01
5.1000000000e-01   1.9501778527e-01  -5.8042806203e-01
5.1500000000e-01   2.0706623878e-01  -5.3303376426e-01
5.2000000000e-01   2.2131953530e-01  -4.8297223727e-01
5.2500000000e-01   2.3825133243e-01  -4.2981939843e-01
5.3000000000e-01   2.5847274580e-01  -3.7308602873e-01
5.3500000000e-01   2.8278002337e-01  -3.1221060681e-01
5.4000000000e-01   3.1221999589e-01  -2.4655591759e-01
5.4500000000e-01   3.4817834570e-01  -1.7541252246e-01
5.5000000000e-01   3.9249833615e-01  -9.8008290755e-02
5.5500000000e-01   4.4765903510e-01  -1.3514688011e-02
5.6000000000e-01   5.1710389114e-01  7.8926590670e-02
5.6500000000e-01   6.0581263443e-01  1.7998450745e-01
5.7000000000e-01   7.2102158365e-01  2.8949242696e-01
5.7500000000e-01   8.7300907288e-01  4.0525955762e-01
5.8000000000e-01   1.0759978819e+00  5.2085675021e-01
5.8500000000e-01   1.3485496250e+00  6.2117098217e-01
5.9000000000e-01   1.7108697663e+00  6.7423202770e-01
5.9500000000e-01   2.1722194662e+00  6.1976959179e-01
6.0000000000e-01   2.6970104030e+00  3.6618667230e-01
6.0500000000e-01   3.1549670176e+00  -1.6545744717e-01
6.1000000000e-01   3.3378280989e+00  -9.2320297848e-01
6.1500000000e-01   3.1363348183e+00  -1.6722740195e+00
6.2000000000e-01   2.6720006955e+00  -2.1856898914e+00
6.2500000000e-01   2.1520845624e+00  -2.4228387341e+00
6.3000000000e-01   1.7004131635e+00  -2.4661671839e+00
6.3500000000e-01   1.3486243481e+00  -2.4058234360e+00
6.4000000000e-01   1.0863475896e+00  -2.2999916487e+00
6.4500000000e-01   8.9360225675e-01  -2.1792090977e+00
6.5000000000e-01   7.5254200443e-01  -2.0577667804e+00
6.5500000000e-01   6.4991166952e-01  -1.9416863727e+00
6.6000000000e-01   5.7665471364e-01  -1.8331342039e+00
6.6500000000e-01   5.2701420443e-01  -1.7327655409e+00
6.7000000000e-01   4.9771705514e-01  -1.6411381616e+00
6.7500000000e-01   4.8715203723e-01  -1.5598709392e+00
6.8000000000e-01   4.9400539519e-01  -1.4928316755e+00
6.8500000000e-01   5.1434727487e-01  -1.4467085815e+00
6.9000000000e-01   5.3715138455e-01  -1.4280451356e+00
6.9500000000e-01   5.4423858239e-01  -1.4336963191e+00
7.0000000000e-01   5.2391962582e-01  -1.4444391092e+00
7.0500000000e-01   4.8457115324e-01  -1.4391005431e+00
7.1000000000e-01   4.4472665119e-01  -1.4120817342e+00
7.1500000000e-01   4.1718344391e-01  -1.3703492247e+00
7.2000000000e-01   4.0647533707e-01  -1.3234274286e+00
7.2500000000e-01   4.1241271947e-01  -1.2793365205e+00
7.3000000000e-01   4.3257132137e-01  -1.2441606663e+00
7.3500000000e-01   4.6400689221e-01  -1.2228043677e+00
7.4000000000e-01   5.0263903218e-01  -1.2218196777e+00
7.4500000000e-01   5.3687804253e-01  -1.2485984357e+00
7.5000000000e-01   5.4597160742e-01  -1.2990246170e+00
7.5500000000e-01   5.1780907612e-01  -1.3493908966e+00
7.6000000000e-01   4.6484872454e-01  -1.3753325903e+00
7.6500000000e-01   4.1011108793e-01  -1.3723061943e+00
7.7000000000e-01   3.6831525570e-01  -1.3502748125e+00
7.7500000000e-01   3.4383751840e-01  -1.3215892806e+00
7.8000000000e-01   3.3493749099e-01  -1.2968189171e+00
7.8500000000e-01   3.3500623803e-01  -1.2843099105e+00
7.9000000000e-01   3.3231780278e-01  -1.2869229169e+00
7.9500000000e-01   3.1570364251e-01  -1.2969894401e+00
8.0000000000e-01   2.8488684319e-01  -1.3008994047e+00
8.0500000000e-01   2.4933476127e-01  -1.2916917962e+00
8.1000000000e-01   2.1759257659e-01  -1.2714643611e+00
8.1500000000e-01   1.9302443009e-01  -1.2451547706e+00
8.2000000000e-01   1.7576578359e-01  -1.2166576553e+00
8.2500000000e-01   1.6490756454e-01  -1.1884117530e+00
8.3000000000e-01   1.5932829432e-01  -1.1619970321e+00
8.3500000000e-01   1.5774296913e-01  -1.1384445013e+00
8.4000000000e-01   1.5889850093e-01  -1.1181005448e+00
8.4500000000e-01   1.6222358807e-01  -1.1010276994e+00
8.5000000000e-01   1.6735563937e-01  -1.0882590067e+00
8.5500000000e-01   1.7207033727e-01  -1.0813806192e+00
8.6000000000e-01   1.7218080747e-01  -1.0793475748e+00
8.6500000000e-01   1.6579760070e-01  -1.0771884627e+00
8.7000000000e-01   1.5614201090e-01  -1.0705910286e+00
8.7500000000e-01   1.4794292295e-01  -1.0598145871e+00
8.8000000000e-01   1.4345446717e-01  -1.0481918815e+00
8.8500000000e-01   1.4163351775e-01  -1.0393013978e+00
8.9000000000e-01   1.3884952385e-01  -1.0345838113e+00
8.9500000000e-01   1.3160888388e-01  -1.0316355863e+00
9.0000000000e-01   1.2011441664e-01  -1.0262134956e+00
9.0500000000e-01   1.0751760724e-01  -1.0164106599e+00
9.1000000000e-01   9.6431953982e-02  -1.0031160852e+00
9.1500000000e-01   8.7782487061e-02  -9.8794217300e-01
9.2000000000e-01   8.1522954158e-02  -9.7206508218e-01
9.2500000000e-01   7.7349724163e-02  -9.5613643314e-01
9.3000000000e-01   7.5013789487e-02  -9.4050004723e-01
9.3500000000e-01   7.4402278094e-02  -9.2540252393e-01
9.4000000000e-01   7.5511276330e-02  -9.1117111868e-01
9.4500000000e-01   7.8302750681e-02  -8.9837729481e-01
9.5000000000e-01   8.2350590411e-02  -8.8789065423e-01
9.5500000000e-01   8.6336684154e-02  -8.8045124750e-01
9.6000000000e-01   8.8222992285e-02  -8.7550312199e-01
9.6500000000e-01   8.7022382700e-02  -8.7070420482e-01
9.7000000000e-01   8.4111397148e-02  -8.6386308328e-01
9.7500000000e-01   8.1779333373e-02  -8.5478487804e-01
9.8000000000e-01   8.1473061759e-02  -8.4476143183e-01
9.8500000000e-01   8.3464602444e-02  -8.3554364987e-01
9.9000000000e-01   8.6831285356e-02  -8.2880981269e-01
9.9500000000e-01   8.9361692426e-02  -8.2528044837e-01
# sum response = 3.5814420633e+02
