0.0000000000e+00   2.2770687743e-02  7.2335211565e-01
5.0000000000e-03   2.3180981999e-02  7.2908045203e-01
1.0000000000e-02   2.3603013095e-02  7.3491222000e-01
1.5000000000e-02   2.4037240485e-02  7.4085038104e-01
2.0000000000e-02   2.4484146441e-02  7.4689801257e-01
2.5000000000e-02   2.4944237440e-02  7.5305831363e-01
3.0000000000e-02   2.5418045631e-02  7.5933461105e-01
3.5000000000e-02   2.5906130418e-02  7.6573036585e-01
4.0000000000e-02   2.6409080151e-02  7.7224918012e-01
4.5000000000e-02   2.6927513951e-02  7.7889480435e-01
5.0000000000e-02   2.7462083656e-02  7.8567114511e-01
5.5000000000e-02   2.8013475925e-02  7.9258227332e-01
6.0000000000e-02   2.8582414495e-02  7.9963243303e-01
6.5000000000e-02   2.9169662612e-02  8.0682605070e-01
7.0000000000e-02   2.9776025652e-02  8.1416774517e-01
7.5000000000e-02   3.0402353940e-02  8.2166233824e-01
8.0000000000e-02   3.1049545804e-02  8.2931486597e-01
8.5000000000e-02   3.1718550859e-02  8.3713059077e-01
9.0000000000e-02   3.2410373570e-02  8.4511501424e-01
9.5000000000e-02   3.3126077095e-02  8.5327389097e-01
1.0000000000e-01   3.3866787456e-02  8.6161324331e-01
1.0500000000e-01   3.4633698051e-02  8.7013937707e-01
1.1000000000e-01   3.5428074555e-02  8.7885889853e-01
1.1500000000e-01   3.6251260238e-02  8.8777873249e-01
1.2000000000e-01   3.7104681747e-02  8.9690614175e-01
1.2500000000e-01   3.7989855395e-02  9.0624874804e-01
1.3000000000e-01   3.8908394011e-02  9.1581455445e-01
1.3500000000e-01   3.9862014409e-02  9.2561196961e-01
1.4000000000e-01   4.0852545537e-02  9.3564983374e-01
1.4500000000e-01   4.1881937382e-02  9.4593744670e-01
1.5000000000e-01   4.2952270712e-02  9.5648459824e-01
1.5500000000e-01   4.4065767745e-02  9.6730160073e-01
1.6000000000e-01   4.5224803838e-02  9.7839932447e-01
1.6500000000e-01   4.6431920332e-02  9.8978923593e-01
1.7000000000e-01   4.7689838656e-02  1.0014834392e+00
1.7500000000e-01   4.9001475861e-02  1.0134947207e+00
1.8000000000e-01   5.0369961729e-02  1.0258365984e+00
1.8500000000e-01   5.1798657656e-02  1.0385233741e+00
1.9000000000e-01   5.3291177518e-02  1.0515701918e+00
1.9500000000e-01   5.4851410756e-02  1.0649930999e+00
2.0000000000e-01   5.6483547968e-02  1.0788091197e+00
2.0500000000e-01   5.8192109305e-02  1.0930363206e+00
2.1000000000e-01   5.9981976040e-02  1.1076939011e+00
2.1500000000e-01   6.1858425721e-02  1.1228022789e+00
2.2000000000e-01   6.3827171368e-02  1.1383831885e+00
2.2500000000e-01   6.5894405271e-02  1.1544597887e+00
2.3000000000e-01   6.8066848001e-02  1.1710567813e+00
2.3500000000e-01   7.0351803365e-02  1.1882005409e+00
2.4000000000e-01   7.2757220131e-02  1.2059192585e+00
2.4500000000e-01   7.5291761504e-02  1.2242431002e+00
2.5000000000e-01   7.7964883468e-02  1.2432043818e+00
2.5500000000e-01   8.0786923331e-02  1.2628377638e+00
2.6000000000e-01   8.3769199990e-02  1.2831804660e+00
2.6500000000e-01   8.6924127741e-02  1.3042725072e+00
2.7000000000e-01   9.0265345747e-02  1.3261569721e+00
2.7500000000e-01   9.3807865686e-02  1.3488803082e+00
2.8000000000e-01   9.7568240528e-02  1.3724926583e+00
2.8500000000e-01   1.0156475797e-01  1.3970482333e+00
2.9000000000e-01   1.0581766276e-01  1.4226057295e+00
2.9500000000e-01   1.1034941279e-01  1.4492287987e+00
3.0000000000e-01   1.1518497521e-01  1.4769865779e+00
3.0500000000e-01   1.2035216953e-01  1.5059542877e+00
3.1000000000e-01   1.2588206659e-01  1.5362139093e+00
3.1500000000e-01   1.3180945403e-01  1.5678549539e+00
3.2000000000e-01   1.3817338107e-01  1.6009753373e+00
3.2500000000e-01   1.4501779841e-01  1.6356823781e+00
3.3000000000e-01   1.5239231270e-01  1.6720939390e+00
3.3500000000e-01   1.6035307946e-01  1.7103397364e+00
3.4000000000e-01   1.6896386419e-01  1.7505628459e+00
3.4500000000e-01   1.7829730862e-01  1.7929214393e+00
3.5000000000e-01   1.8843644860e-01  1.8375907945e+00
3.5500000000e-01   1.9947654198e-01  1.8847656276e+00
3.6000000000e-01   2.1152728067e-01  1.9346628077e+00
3.6500000000e-01   2.2471548142e-01  1.9875245283e+00
3.7000000000e-01   2.3918837666e-01  2.0436220222e+00
3.7500000000e-01   2.5511766217e-01  2.1032599295e+00
3.8000000000e-01   2.7270450569e-01  2.1667814486e+00
3.8500000000e-01   2.9218578416e-01  2.2345744320e+00
3.9000000000e-01   3.1384190306e-01  2.3070786209e+00
3.9500000000e-01   3.3800666895e-01  2.3847942588e+00
4.0000000000e-01   3.6507984847e-01  2.4682923736e+00
4.0500000000e-01   3.9554327213e-01  2.5582270782e+00
4.1000000000e-01   4.2998165857e-01  2.6553503085e+00
4.1500000000e-01   4.6910978437e-01  2.7605294885e+00
4.2000000000e-01   5.1380827124e-01  2.8747686795e+00
4.2500000000e-01   5.6517119896e-01  2.9992338022e+00
4.3000000000e-01   6.2457012925e-01  3.1352824827e+00
4.3500000000e-01   6.9374116770e-01  3.2844988556e+00
4.4000000000e-01   7.7490475746e-01  3.4487330781e+00
4.4500000000e-01   8.7093254908e-01  3.6301439828e+00
4.5000000000e-01   9.8558280897e-01  3.8312404777e+00
4.5500000000e-01   1.1238367901e+00  4.0549114596e+00
4.6000000000e-01   1.2923853779e+00  4.3044220921e+00
4.6500000000e-01   1.5003410991e+00  4.5833299975e+00
4.7000000000e-01   1.7602887109e+00  4.8952251607e+00
4.7500000000e-01   2.0898395706e+00  5.2430948200e+00
4.8000000000e-01   2.5139103706e+00  5.6279023922e+00
4.8500000000e-01   3.0679488282e+00  6.0455320929e+00
4.9000000000e-01   3.8020647181e+00  6.4803740946e+00
4.9500000000e-01   4.7848013471e+00  6.8922156104e+00
5.0000000000e-01   6.1011092742e+00  7.1909017511e+00
5.0500000000e-01   7.8274701126e+00  7.1938429349e+00
5.1000000000e-01   9.9446731917e+00  6.5813261359e+00
5.1500000000e-01   1.2148401844e+01  4.9434489301e+00
5.2000000000e-01   1.3691659630e+01  2.1154316591e+00
5.2500000000e-01   1.3750572554e+01  -1.3115693396e+00
5.3000000000e-01   1.2288566964e+01  -4.2108982407e+00
5.3500000000e-01   1.0101937483e+01  -5.9326078891e+00
5.4000000000e-01   7.9642020548e+00  -6.6033146830e+00
5.4500000000e-01   6.2080758996e+00  -6.6310924647e+00
5.5000000000e-01   4.8653538345e+00  -6.3455879140e+00
5.5500000000e-01   3.8623497024e+00  -5.9377554212e+00
5.6000000000e-01   3.1134578159e+00  -5.5026179772e+00
5.6500000000e-01   2.5487958153e+00  -5.0828678616e+00
5.7000000000e-01   2.1170695329e+00  -4.6952998817e+00
5.7500000000e-01   1.7819505134e+00  -4.3445691788e+00
5.8000000000e-01   1.5179042316e+00  -4.0299408617e+00
5.8500000000e-01   1.3068936762e+00  -3.7485098516e+00
5.9000000000e-01   1.1360410397e+00  -3.4967013610e+00
5.9500000000e-01   9.9603053910e-01  -3.2709440451e+00
6.0000000000e-01   8.8002872607e-01  -3.0679481443e+00
6.0500000000e-01   7.8295306499e-01  -2.8847976620e+00
6.1000000000e-01   7.0097237064e-01  -2.7189577732e+00
6.1500000000e-01   6.3116179794e-01  -2.5682463463e+00
6.2000000000e-01   5.7126160078e-01  -2.4307929182e+00
6.2500000000e-01   5.1950628008e-01  -2.3049959400e+00
6.3000000000e-01   4.7450203852e-01  -2.1894829708e+00
6.3500000000e-01   4.3513779377e-01  -2.0830755282e+00
6.4000000000e-01   4.0051979183e-01  -1.9847589031e+00
6.4500000000e-01   3.6992301751e-01  -1.8936566309e+00
6.5000000000e-01   3.4275469994e-01  -1.8090090783e+00
6.5500000000e-01   3.1852662433e-01  -1.7301555525e+00
6.6000000000e-01   2.9683392424e-01  -1.6565193764e+00
6.6500000000e-01   2.7733869116e-01  -1.5875954316e+00
6.7000000000e-01   2.5975719930e-01  -1.5229397472e+00
6.7500000000e-01   2.4384986853e-01  -1.4621607802e+00
6.8000000000e-01   2.2941331874e-01  -1.4049120918e+00
6.8500000000e-01   2.1627403512e-01  -1.3508861792e+00
6.9000000000e-01   2.0428328339e-01  -1.2998092634e+00
6.9500000000e-01   1.9331300251e-01  -1.2514368713e+00
7.0000000000e-01   1.8325246674e-01  -1.2055500777e+00
7.0500000000e-01   1.7400555740e-01  -1.1619522992e+00
7.1000000000e-01   1.6548852089e-01  -1.1204665496e+00
7.1500000000e-01   1.5762811677e-01  -1.0809330821e+00
7.2000000000e-01   1.5036008043e-01  -1.0432073582e+00
7.2500000000e-01   1.4362784105e-01  -1.0071582932e+00
7.3000000000e-01   1.3738144770e-01  -9.7266673400e-01
7.3500000000e-01   1.3157666580e-01  -9.3962413681e-01
7.4000000000e-01   1.2617421409e-01  -9.0793141398e-01
7.4500000000e-01   1.2113911756e-01  -8.7749792578e-01
7.5000000000e-01   1.1644015678e-01  -8.4824059676e-01
7.5500000000e-01   1.1204939759e-01  -8.2008313900e-01
7.6000000000e-01   1.0794178809e-01  -7.9295536782e-01
7.6500000000e-01   1.0409481212e-01  -7.6679259728e-01
7.7000000000e-01   1.0048819050e-01  -7.4153510498e-01
7.7500000000e-01   9.7103622535e-02  -7.1712765716e-01
7.8000000000e-01   9.3924561848e-02  -6.9351908621e-01
7.8500000000e-01   9.0936021408e-02  -6.7066191413e-01
7.9000000000e-01   8.8124403491e-02  -6.4851201609e-01
7.9500000000e-01   8.5477351045e-02  -6.2702831932e-01
8.0000000000e-01   8.2983617444e-02  -6.0617253291e-01
8.0500000000e-01   8.0632952104e-02  -5.8590890501e-01
8.1000000000e-01   7.8415999802e-02  -5.6620400408e-01
8.1500000000e-01   7.6324211893e-02  -5.4702652155e-01
8.2000000000e-01   7.4349767855e-02  -5.2834709330e-01
8.2500000000e-01   7.2485505844e-02  -5.1013813798e-01
8.3000000000e-01   7.0724861117e-02  -4.9237371023e-01
8.3500000000e-01   6.9061811360e-02  -4.7502936717e-01
8.4000000000e-01   6.7490828067e-02  -4.5808204670e-01
8.4500000000e-01   6.6006833261e-02  -4.4150995640e-01
8.5000000000e-01   6.4605160927e-02  -4.2529247183e-01
8.5500000000e-01   6.3281522626e-02  -4.0941004326e-01
8.6000000000e-01   6.2031976811e-02  -3.9384410996e-01
8.6500000000e-01   6.0852901464e-02  -3.7857702116e-01
8.7000000000e-01   5.9740969682e-02  -3.6359196311e-01
8.7500000000e-01   5.8693127927e-02  -3.4887289149e-01
8.8000000000e-01   5.7706576675e-02  -3.3440446864e-01
8.8500000000e-01   5.6778753238e-02  -3.2017200502e-01
8.9000000000e-01   5.5907316568e-02  -3.0616140454e-01
8.9500000000e-01   5.5090133890e-02  -2.9235911320e-01
9.0000000000e-01   5.4325269006e-02  -2.7875207075e-01
9.0500000000e-01   5.3610972182e-02  -2.6532766489e-01
9.1000000000e-01   5.2945671505e-02  -2.5207368768e-01
9.1500000000e-01   5.2327965658e-02  -2.3897829395e-01
9.2000000000e-01   5.1756618053e-02  -2.2602996119e-01
9.2500000000e-01   5.1230552295e-02  -2.1321745078e-01
9.3000000000e-01   5.0748848966e-02  -2.0052977015e-01
9.3500000000e-01   5.0310743755e-02  -1.8795613564e-01
9.4000000000e-01   4.9915626942e-02  -1.7548593574e-01
9.4500000000e-01   4.9563044326e-02  -1.6310869432e-01
9.5000000000e-01   4.9252699662e-02  -1.5081403365e-01
9.5500000000e-01   4.8984458736e-02  -1.3859163674e-01
9.6000000000e-01   4.8758355226e-02  -1.2643120877e-01
9.6500000000e-01   4.8574598557e-02  -1.1432243700e-01
9.7000000000e-01   4.8433583982e-02  -1.0225494894e-01
9.7500000000e-01   4.8335905205e-02  -9.0218268094e-02
9.8000000000e-01   4.8282369933e-02  -7.8201766819e-02
9.8500000000e-01   4.8274018810e-02  -6.6194615596e-02
9.9000000000e-01   4.8312148326e-02  -5.4185728004e-02
9.9500000000e-01   4.8398338419e-02  -4.2163700505e-02
# sum response = 1.7203238898e+02
