0.0000000000e+00   9.4374982213e-04  5.1275925338e+00
2.0000000000e-03   9.5977454662e-04  5.1656612629e+00
4.0000000000e-03   9.7634209185e-04  5.2043817246e+00
6.0000000000e-03   9.9348790393e-04  5.2437763291e+00
8.0000000000e-03   1.0112512181e-03  5.2838689781e+00
1.0000000000e-02   1.0296756137e-03  5.3246852277e+00
1.2000000000e-02   1.0488096697e-03  5.3662524750e+00
1.4000000000e-02   1.0687077432e-03  5.4086001725e+00
1.6000000000e-02   1.0894308975e-03  5.4517600783e+00
1.8000000000e-02   1.1110480141e-03  5.4957665449e+00
2.0000000000e-02   1.1336371321e-03  5.5406568584e+00
2.2000000000e-02   1.1572870696e-03  5.5864716364e+00
2.4000000000e-02   1.1820993982e-03  5.6332552965e+00
2.6000000000e-02   1.2081908614e-03  5.6810566140e+00
2.8000000000e-02   1.2356963546e-03  5.7299293859e+00
3.0000000000e-02   1.2647726236e-03  5.7799332281e+00
3.2000000000e-02   1.2956028848e-03  5.8311345388e+00
3.4000000000e-02   1.3284026426e-03  5.8836076685e+00
3.6000000000e-02   1.3634270716e-03  5.9374363536e+00
3.8000000000e-02   1.4009804647e-03  5.9927154844e+00
4.0000000000e-02   1.4414284393e-03  6.0495533028e+00
4.2000000000e-02   1.4852138595e-03  6.1080741598e+00
4.4000000000e-02   1.5328778310e-03  6.1684220052e+00
4.6000000000e-02   1.5850877042e-03  6.2307648501e+00
4.8000000000e-02   1.6426748952e-03  6.2953005343e+00
5.0000000000e-02   1.7066866685e-03  6.3622642690e+00
5.2000000000e-02   1.7784581020e-03  6.4319386293e+00
5.4000000000e-02   1.8597137571e-03  6.5046669801e+00
5.6000000000e-02   1.9527139436e-03  6.5808717988e+00
5.8000000000e-02   2.0604694295e-03  6.6610801175e+00
6.0000000000e-02   2.1870638144e-03  6.7459595396e+00
6.2000000000e-02   2.3381500028e-03  6.8363703466e+00
6.4000000000e-02   2.5217371672e-03  6.9334427642e+00
6.6000000000e-02   2.7494800407e-03  7.0386948075e+00
6.8000000000e-02   3.0388734518e-03  7.1542179683e+00
7.0000000000e-02   3.4171587002e-03  7.2829811621e+00
7.2000000000e-02   3.9286571115e-03  7.4293512558e+00
7.4000000000e-02   4.6494531338e-03  7.6000345209e+00
7.6000000000e-02   5.7192298828e-03  7.8058980160e+00
7.8000000000e-02   7.4176588762e-03  8.0658074823e+00
8.0000000000e-02   1.0373996718e-02  8.4156757620e+00
8.2000000000e-02   1.6260638444e-02  8.9333880490e+00
8.4000000000e-02   3.0845997796e-02  9.8255340772e+00
8.6000000000e-02   8.6416605668e-02  1.1880609776e+01
8.8000000000e-02   9.7077508548e-01  2.3374513635e+01
9.0000000000e-02   5.0537702133e-01  -4.4912014000e+00
9.2000000000e-02   7.0010309611e-02  2.9798202838e+00
9.4000000000e-02   2.7472231537e-02  4.7243887912e+00
9.6000000000e-02   1.5220452417e-02  5.5382478927e+00
9.8000000000e-02   1.0092580111e-02  6.0318076881e+00
1.0000000000e-01   7.4852364508e-03  6.3781318041e+00
1.0200000000e-01   5.9923247642e-03  6.6451450765e+00
1.0400000000e-01   5.0677334847e-03  6.8649683149e+00
1.0600000000e-01   4.4634819102e-03  7.0547798615e+00
1.0800000000e-01   4.0537943525e-03  7.2246143373e+00
1.1000000000e-01   3.7693783546e-03  7.3807395577e+00
1.1200000000e-01   3.5695281784e-03  7.5272841229e+00
1.1400000000e-01   3.4290743870e-03  7.6670889348e+00
1.1600000000e-01   3.3317913591e-03  7.8021826331e+00
1.1800000000e-01   3.2668529626e-03  7.9340614945e+00
1.2000000000e-01   3.2268260469e-03  8.0638616474e+00
1.2200000000e-01   3.2064840101e-03  8.1924690696e+00
1.2400000000e-01   3.2020787150e-03  8.3205921472e+00
1.2600000000e-01   3.2108791189e-03  8.4488109083e+00
1.2800000000e-01   3.2308706169e-03  8.5776112780e+00
1.3000000000e-01   3.2605543235e-03  8.7074094589e+00
1.3200000000e-01   3.2988100824e-03  8.8385696501e+00
1.3400000000e-01   3.3448012753e-03  8.9714171803e+00
1.3600000000e-01   3.3979075406e-03  9.1062484270e+00
1.3800000000e-01   3.4576765631e-03  9.2433384504e+00
1.4000000000e-01   3.5237891242e-03  9.3829469792e+00
1.4200000000e-01   3.5960335396e-03  9.5253231969e+00
1.4400000000e-01   3.6742868535e-03  9.6707096478e+00
1.4600000000e-01   3.7585009792e-03  9.8193454947e+00
1.4800000000e-01   3.8486925237e-03  9.9714693000e+00
1.5000000000e-01   3.9449354023e-03  1.0127321457e+01
1.5200000000e-01   4.0473556128e-03  1.0287146372e+01
1.5400000000e-01   4.1561277152e-03  1.0451194472e+01
1.5600000000e-01   4.2714726940e-03  1.0619724098e+01
1.5800000000e-01   4.3936569744e-03  1.0793003344e+01
1.6000000000e-01   4.5229924344e-03  1.0971311865e+01
1.6200000000e-01   4.6598373058e-03  1.1154942717e+01
1.6400000000e-01   4.8045979024e-03  1.1344204238e+01
1.6600000000e-01   4.9577311447e-03  1.1539422021e+01
1.6800000000e-01   5.1197478828e-03  1.1740941003e+01
1.7000000000e-01   5.2912170426e-03  1.1949127699e+01
1.7200000000e-01   5.4727706488e-03  1.2164372627e+01
1.7400000000e-01   5.6651097994e-03  1.2387092944e+01
1.7600000000e-01   5.8690116978e-03  1.2617735350e+01
1.7800000000e-01   6.0853378737e-03  1.2856779288e+01
1.8000000000e-01   6.3150437599e-03  1.3104740507e+01
1.8200000000e-01   6.5591898291e-03  1.3362175032e+01
1.8400000000e-01   6.8189545418e-03  1.3629683622e+01
1.8600000000e-01   7.0956494117e-03  1.3907916781e+01
1.8800000000e-01   7.3907365595e-03  1.4197580423e+01
1.9000000000e-01   7.7058492110e-03  1.4499442292e+01
1.9200000000e-01   8.0428156959e-03  1.4814339281e+01
1.9400000000e-01   8.4036876279e-03  1.5143185775e+01
1.9600000000e-01   8.7907731088e-03  1.5486983237e+01
1.9800000000e-01   9.2066759935e-03  1.5846831223e+01
2.0000000000e-01   9.6543425099e-03  1.6223940125e+01
2.0200000000e-01   1.0137116847e-02  1.6619645937e+01
2.0400000000e-01   1.0658807742e-02  1.7035427470e+01
2.0600000000e-01   1.1223768625e-02  1.7472926484e+01
2.0800000000e-01   1.1836994587e-02  1.7933971353e+01
2.1000000000e-01   1.2504240357e-02  1.8420605013e+01
2.1200000000e-01   1.3232164649e-02  1.8935118137e+01
2.1400000000e-01   1.4028507917e-02  1.9480088720e+01
2.1600000000e-01   1.4902312659e-02  2.0058429600e+01
2.1800000000e-01   1.5864198414e-02  2.0673445826e+01
2.2000000000e-01   1.6926707594e-02  2.1328904395e+01
2.2200000000e-01   1.8104743943e-02  2.2029119577e+01
2.2400000000e-01   1.9416133196e-02  2.2779058113e+01
2.2600000000e-01   2.0882346713e-02  2.3584469945e+01
2.2800000000e-01   2.2529444782e-02  2.4452052051e+01
2.3000000000e-01   2.4389319623e-02  2.5389655697e+01
2.3200000000e-01   2.6501352512e-02  2.6406551232e+01
2.3400000000e-01   2.8914651206e-02  2.7513770114e+01
2.3600000000e-01   3.1691112968e-02  2.8724551941e+01
2.3800000000e-01   3.4909681875e-02  3.0054936399e+01
2.4000000000e-01   3.8672365539e-02  3.1524558351e+01
2.4200000000e-01   4.3112896591e-02  3.3157732819e+01
2.4400000000e-01   4.8409459614e-02  3.4984961751e+01
2.4600000000e-01   5.4803825369e-02  3.7045068031e+01
2.4800000000e-01   6.2630870452e-02  3.9388285389e+01
2.5000000000e-01   7.2365473934e-02  4.2080845933e+01
2.5200000000e-01   8.4699564667e-02  4.5211989470e+01
2.5400000000e-01   1.0067372273e-01  4.8905034465e+01
2.5600000000e-01   1.2191244741e-01  5.3335556924e+01
2.5800000000e-01   1.5106820035e-01  5.8762650577e+01
2.6000000000e-01   1.9271643489e-01  6.5585765892e+01
2.6200000000e-01   2.5531281532e-01  7.4455435682e+01
2.6400000000e-01   3.5594236986e-01  8.6508736579e+01
2.6600000000e-01   5.3355029382e-01  1.0393144385e+02
2.6800000000e-01   8.9370429906e-01  1.3153503001e+02
2.7000000000e-01   1.8128607007e+00  1.8240629199e+02
2.7200000000e-01   5.5539376930e+00  3.0916874576e+02
2.7400000000e-01   9.2725196459e+01  1.2117699363e+03
2.7600000000e-01   2.1050389404e+01  -5.5173770217e+02
2.7800000000e-01   3.4643378488e+00  -2.1114345647e+02
2.8000000000e-01   1.3812226568e+00  -1.2383991640e+02
2.8200000000e-01   7.5177146313e-01  -8.3182396389e+01
2.8400000000e-01   4.8404168507e-01  -5.9125124957e+01
2.8600000000e-01   3.4866583021e-01  -4.2750843194e+01
2.8800000000e-01   2.7387594833e-01  -3.0441597431e+01
2.9000000000e-01   2.3176575593e-01  -2.0411834883e+01
2.9200000000e-01   2.1018997384e-01  -1.1629745257e+01
2.9400000000e-01   2.0398002208e-01  -3.3936912743e+00
2.9600000000e-01   2.1197470926e-01  4.8763609028e+00
2.9800000000e-01   2.3647271459e-01  1.3782056941e+01
3.0000000000e-01   2.8459491577e-01  2.4104904866e+01
3.0200000000e-01   3.7306485440e-01  3.7077561989e+01
3.0400000000e-01   5.4290306675e-01  5.5005702621e+01
3.0600000000e-01   9.1274539567e-01  8.3064665152e+01
3.0800000000e-01   1.9478729324e+00  1.3623875459e+02
3.1000000000e-01   7.1059051752e+00  2.8461991275e+02
3.1200000000e-01   1.1077883438e+03  3.6515185567e+03
3.1400000000e-01   9.8861486478e+00  -3.8134901723e+02
3.1600000000e-01   2.2807531719e+00  -1.9179739933e+02
3.1800000000e-01   9.9604267496e-01  -1.3158232665e+02
3.2000000000e-01   5.5986032408e-01  -1.0173952433e+02
3.2200000000e-01   3.6066351659e-01  -8.3778293978e+01
3.2400000000e-01   2.5306995781e-01  -7.1700781617e+01
3.2600000000e-01   1.8827215327e-01  -6.2973766099e+01
3.2800000000e-01   1.4614300133e-01  -5.6341369236e+01
3.3000000000e-01   1.1714970247e-01  -5.1109263787e+01
3.3200000000e-01   9.6300952175e-02  -4.6861841883e+01
3.3400000000e-01   8.0776218674e-02  -4.3334766839e+01
3.3600000000e-01   6.8882928004e-02  -4.0351653202e+01
3.3800000000e-01   5.9554751858e-02  -3.7790131694e+01
3.4000000000e-01   5.2092331767e-02  -3.5562524683e+01
3.4200000000e-01   4.6021215050e-02  -3.3604279822e+01
3.4400000000e-01   4.1010118490e-02  -3.1866752585e+01
3.4600000000e-01   3.6821913678e-02  -3.0312540011e+01
3.4800000000e-01   3.3283171105e-02  -2.8912370176e+01
3.5000000000e-01   3.0264643999e-02  -2.7642972543e+01
3.5200000000e-01   2.7668422091e-02  -2.6485584931e+01
3.5400000000e-01   2.5419275642e-02  -2.5424884253e+01
3.5600000000e-01   2.3458704377e-02  -2.4448205561e+01
3.5800000000e-01   2.1740777513e-02  -2.3544960936e+01
3.6000000000e-01   2.0229190383e-02  -2.2706198929e+01
3.6200000000e-01   1.8895171345e-02  -2.1924263765e+01
3.6400000000e-01   1.7716005560e-02  -2.1192525325e+01
3.6600000000e-01   1.6674032569e-02  -2.0505158334e+01
3.6800000000e-01   1.5756043310e-02  -1.9856953535e+01
3.7000000000e-01   1.4953066289e-02  -1.9243145255e+01
3.7200000000e-01   1.4260611115e-02  -1.8659238792e+01
3.7400000000e-01   1.3679562467e-02  -1.8100815980e+01
3.7600000000e-01   1.3218154674e-02  -1.7563285434e+01
3.7800000000e-01   1.2895963953e-02  -1.7041517945e+01
3.8000000000e-01   1.2752044203e-02  -1.6529249756e+01
3.8200000000e-01   1.2862398261e-02  -1.6018000121e+01
3.8400000000e-01   1.3380808740e-02  -1.5494897419e+01
3.8600000000e-01   1.4646315370e-02  -1.4937782885e+01
3.8800000000e-01   1.7517550281e-02  -1.4302450320e+01
3.9000000000e-01   2.4706251583e-02  -1.3481726594e+01
3.9200000000e-01   4.8871765529e-02  -1.2121385506e+01
3.9400000000e-01   2.4302326483e-01  -7.8911237486e+00
3.9600000000e-01   1.4487504839e+00  -3.0850738830e+01
3.9800000000e-01   7.9361518029e-02  -1.7725787963e+01
4.0000000000e-01   2.9732398377e-02  -1.5820828600e+01
4.0200000000e-01   1.7670791814e-02  -1.4915287437e+01
4.0400000000e-01   1.2866409330e-02  -1.4316687759e+01
4.0600000000e-01   1.0414045010e-02  -1.3855807462e+01
4.0800000000e-01   8.9555629421e-03  -1.3470644550e+01
4.1000000000e-01   7.9941732269e-03  -1.3132852288e+01
4.1200000000e-01   7.3140238452e-03  -1.2827410433e+01
4.1400000000e-01   6.8104082303e-03  -1.2545400722e+01
4.1600000000e-01   6.4297968334e-03  -1.2280951451e+01
4.1800000000e-01   6.1464581055e-03  -1.2029729960e+01
4.2000000000e-01   5.9544218405e-03  -1.1788028068e+01
4.2200000000e-01   5.8697146292e-03  -1.1551962927e+01
4.2400000000e-01   5.9484822827e-03  -1.1316313801e+01
4.2600000000e-01   6.3529524924e-03  -1.1071878926e+01
4.2800000000e-01   7.6333851854e-03  -1.0797030352e+01
4.3000000000e-01   1.2607383601e-02  -1.0417275264e+01
4.3200000000e-01   6.7173329319e-02  -9.3372096127e+00
4.3400000000e-01   1.0950782278e-01  -1.2428249532e+01
4.3600000000e-01   1.3689774582e-02  -1.0989406910e+01
4.3800000000e-01   7.2050752305e-03  -1.0604444663e+01
4.4000000000e-01   5.3991092190e-03  -1.0358133966e+01
4.4200000000e-01   4.6030430370e-03  -1.0159846937e+01
4.4400000000e-01   4.1530000441e-03  -9.9854392139e+00
4.4600000000e-01   3.8550279599e-03  -9.8256265046e+00
4.4800000000e-01   3.6356274764e-03  -9.6760065738e+00
4.5000000000e-01   3.4618596255e-03  -9.5341752527e+00
4.5200000000e-01   3.3171038003e-03  -9.3986745535e+00
4.5400000000e-01   3.1921971712e-03  -9.2685442067e+00
4.5600000000e-01   3.0817362190e-03  -9.1431072872e+00
4.5800000000e-01   2.9823738783e-03  -9.0218580349e+00
4.6000000000e-01   2.8919797249e-03  -8.9043982921e+00
4.6200000000e-01   2.8092148313e-03  -8.7903983182e+00
4.6400000000e-01   2.7333368563e-03  -8.6795696400e+00
4.6600000000e-01   2.6641760035e-03  -8.5716422390e+00
4.6800000000e-01   2.6023215682e-03  -8.4663388242e+00
4.7000000000e-01   2.5497376008e-03  -8.3633343177e+00
4.7200000000e-01   2.5115846446e-03  -8.2621711077e+00
4.7400000000e-01   2.5023872371e-03  -8.1620341628e+00
4.7600000000e-01   2.5735381278e-03  -8.0609720522e+00
4.7800000000e-01   3.0193273379e-03  -7.9517774462e+00
4.8000000000e-01   1.1701252482e-02  -7.7554439454e+00
4.8200000000e-01   6.1430368475e-03  -7.9141321986e+00
4.8400000000e-01   2.6780730595e-03  -7.7686513173e+00
4.8600000000e-01   2.2781382320e-03  -7.6712135827e+00
4.8800000000e-01   2.1298205289e-03  -7.5833941058e+00
4.9000000000e-01   2.0429267544e-03  -7.5000519223e+00
4.9200000000e-01   1.9790347573e-03  -7.4196627383e+00
4.9400000000e-01   1.9263162494e-03  -7.3415830694e+00
4.9600000000e-01   1.8801903687e-03  -7.2654706666e+00
4.9800000000e-01   1.8386536345e-03  -7.1911071962e+00
5.0000000000e-01   1.8008473540e-03  -7.1183289832e+00
5.0200000000e-01   1.7665947095e-03  -7.0469923545e+00
5.0400000000e-01   1.7363640442e-03  -6.9769482612e+00
5.0600000000e-01   1.7116389017e-03  -6.9080108133e+00
5.0800000000e-01   1.6961890192e-03  -6.8398961039e+00
5.1000000000e-01   1.7004680847e-03  -6.7720617007e+00
5.1200000000e-01   1.7613496573e-03  -6.7031494083e+00
5.1400000000e-01   2.0911829781e-03  -6.6280192998e+00
5.1600000000e-01   8.5864237818e-03  -6.4886023148e+00
5.1800000000e-01   4.2054033452e-03  -6.6035132390e+00
5.2000000000e-01   1.8605857119e-03  -6.5029851362e+00
5.2200000000e-01   1.5895724816e-03  -6.4351445622e+00
5.2400000000e-01   1.4923382047e-03  -6.3737415527e+00
5.2600000000e-01   1.4376382196e-03  -6.3152201294e+00
5.2800000000e-01   1.3989111528e-03  -6.2585241332e+00
5.3000000000e-01   1.3681326721e-03  -6.2032033561e+00
5.3200000000e-01   1.3424982212e-03  -6.1490058900e+00
5.3400000000e-01   1.3213977824e-03  -6.0957438440e+00
5.3600000000e-01   1.3060360149e-03  -6.0432189822e+00
5.3800000000e-01   1.3011672023e-03  -5.9911254452e+00
5.4000000000e-01   1.3240635015e-03  -5.9387761126e+00
5.4200000000e-01   1.4685788970e-03  -5.8837656617e+00
5.4400000000e-01   3.6254965643e-03  -5.8041275026e+00
5.4600000000e-01   3.2718383132e-03  -5.8474327243e+00
5.4800000000e-01   1.3961086041e-03  -5.7723483579e+00
5.5000000000e-01   1.2210256487e-03  -5.7207836072e+00
5.5200000000e-01   1.1592023216e-03  -5.6733253441e+00
5.5400000000e-01   1.1234039238e-03  -5.6277197540e+00
5.5600000000e-01   1.0969405491e-03  -5.5833326562e+00
5.5800000000e-01   1.0747976817e-03  -5.5399081232e+00
5.6000000000e-01   1.0550392099e-03  -5.4973175046e+00
5.6200000000e-01   1.0367838759e-03  -5.4554851443e+00
5.6400000000e-01   1.0195798695e-03  -5.4143608765e+00
5.6600000000e-01   1.0031732159e-03  -5.3739081788e+00
5.6800000000e-01   9.8741004527e-04  -5.3340984734e+00
5.7000000000e-01   9.7219105183e-04  -5.2949081421e+00
5.7200000000e-01   9.5744854304e-04  -5.2563168524e+00
5.7400000000e-01   9.4313411645e-04  -5.2183065634e+00
5.7600000000e-01   9.2921168921e-04  -5.1808609065e+00
5.7800000000e-01   9.1565338469e-04  -5.1439647818e+00
5.8000000000e-01   9.0243702550e-04  -5.1076040840e+00
5.8200000000e-01   8.8954457881e-04  -5.0717655078e+00
5.8400000000e-01   8.7696120548e-04  -5.0364364030e+00
5.8600000000e-01   8.6467473724e-04  -5.0016046586e+00
5.8800000000e-01   8.5267552576e-04  -4.9672585999e+00
5.9000000000e-01   8.4095673038e-04  -4.9333868840e+00
5.9200000000e-01   8.2951531551e-04  -4.8999783703e+00
5.9400000000e-01   8.1835449854e-04  -4.8670219271e+00
5.9600000000e-01   8.0748969803e-04  -4.8345060796e+00
5.9800000000e-01   7.9696430926e-04  -4.8024182606e+00
6.0000000000e-01   7.8689853340e-04  -4.7707429080e+00
6.0200000000e-01   7.7768159988e-04  -4.7394554813e+00
6.0400000000e-01   7.7110881715e-04  -4.7084961473e+00
6.0600000000e-01   7.8733594171e-04  -4.6775361297e+00
6.0800000000e-01   1.0613288168e-03  -4.6515431314e+00
6.1000000000e-01   7.4798933220e-04  -4.6194680040e+00
6.1200000000e-01   7.3031730366e-04  -4.5899505330e+00
6.1400000000e-01   7.1924732366e-04  -4.5609669031e+00
6.1600000000e-01   7.0955251765e-04  -4.5323934797e+00
6.1800000000e-01   7.0041596654e-04  -4.5041954590e+00
6.2000000000e-01   6.9161378668e-04  -4.4763558017e+00
6.2200000000e-01   6.8306457458e-04  -4.4488630059e+00
6.2400000000e-01   6.7473456500e-04  -4.4217077255e+00
6.2600000000e-01   6.6661180562e-04  -4.3948814877e+00
6.2800000000e-01   6.5870097619e-04  -4.3683759690e+00
6.3000000000e-01   6.5103227008e-04  -4.3421822101e+00
6.3200000000e-01   6.4370303021e-04  -4.3162889534e+00
6.3400000000e-01   6.3707439486e-04  -4.2906770879e+00
6.3600000000e-01   6.3332325591e-04  -4.2652894466e+00
6.3800000000e-01   7.0744778956e-04  -4.2394572822e+00
6.4000000000e-01   6.3476672575e-04  -4.2164763920e+00
6.4200000000e-01   6.1020879976e-04  -4.1917287288e+00
6.4400000000e-01   6.0141028702e-04  -4.1675064442e+00
6.4600000000e-01   5.9422151752e-04  -4.1435963620e+00
6.4800000000e-01   5.8756733591e-04  -4.1199618480e+00
6.5000000000e-01   5.8123544451e-04  -4.0965867402e+00
6.5200000000e-01   5.7517687550e-04  -4.0734593938e+00
6.5400000000e-01   5.6939707336e-04  -4.0505688916e+00
6.5600000000e-01   5.6393454361e-04  -4.0279034181e+00
6.5800000000e-01   5.5886350618e-04  -4.0054489376e+00
6.6000000000e-01   5.5431193749e-04  -3.9831874599e+00
6.6200000000e-01   5.5050230635e-04  -3.9610941788e+00
6.6400000000e-01   5.4784050746e-04  -3.9391321502e+00
6.6600000000e-01   5.4712498686e-04  -3.9172413950e+00
6.6800000000e-01   5.5010141560e-04  -3.8953140001e+00
6.7000000000e-01   5.6120840094e-04  -3.8731283704e+00
6.7200000000e-01   5.9467215186e-04  -3.8501348675e+00
6.7400000000e-01   7.1911441653e-04  -3.8244639420e+00
6.7600000000e-01   1.8599925630e-03  -3.7828484501e+00
6.7800000000e-01   5.2850740426e-03  -3.8648471253e+00
6.8000000000e-01   8.1079930755e-04  -3.7958208218e+00
6.8200000000e-01   5.9160128019e-04  -3.7689356820e+00
6.8400000000e-01   5.3320409796e-04  -3.7466282694e+00
6.8600000000e-01   5.0732995926e-04  -3.7258728535e+00
6.8800000000e-01   4.9223445507e-04  -3.7059034642e+00
6.9000000000e-01   4.8177680193e-04  -3.6864337652e+00
6.9200000000e-01   4.7369621601e-04  -3.6673301707e+00
6.9400000000e-01   4.6702426607e-04  -3.6485195265e+00
6.9600000000e-01   4.6132780811e-04  -3.6299553590e+00
6.9800000000e-01   4.5646409417e-04  -3.6116023191e+00
7.0000000000e-01   4.5255269707e-04  -3.5934257337e+00
7.0200000000e-01   4.5019261452e-04  -3.5753779767e+00
7.0400000000e-01   4.5151153000e-04  -3.5573636330e+00
7.0600000000e-01   4.6667722788e-04  -3.5390900035e+00
7.0800000000e-01   6.1890879198e-04  -3.5186733228e+00
7.1000000000e-01   1.5927258179e-03  -3.5203840741e+00
7.1200000000e-01   4.7911958908e-04  -3.4930871631e+00
7.1400000000e-01   4.3514966757e-04  -3.4750258991e+00
7.1600000000e-01   4.2163514242e-04  -3.4579249021e+00
7.1800000000e-01   4.1410594198e-04  -3.4412203969e+00
7.2000000000e-01   4.0875139300e-04  -3.4247687159e+00
7.2200000000e-01   4.0831195912e-04  -3.4084767983e+00
7.2400000000e-01   4.0165042857e-04  -3.3925487560e+00
7.2600000000e-01   3.9576046328e-04  -3.3766194746e+00
7.2800000000e-01   3.9187657283e-04  -3.3608684013e+00
7.3000000000e-01   3.8834031642e-04  -3.3452649253e+00
7.3200000000e-01   3.8504244109e-04  -3.3297980349e+00
7.3400000000e-01   3.8198199485e-04  -3.3144583851e+00
7.3600000000e-01   3.7920025070e-04  -3.2992357830e+00
7.3800000000e-01   3.7678367985e-04  -3.2841175331e+00
7.4000000000e-01   3.7489232073e-04  -3.2690861534e+00
7.4200000000e-01   3.7382835524e-04  -3.2541152550e+00
7.4400000000e-01   3.7420417297e-04  -3.2391610152e+00
7.4600000000e-01   3.7740707128e-04  -3.2241421321e+00
7.4800000000e-01   3.8714758820e-04  -3.2088844373e+00
7.5000000000e-01   4.1634653422e-04  -3.1929266961e+00
7.5200000000e-01   5.3880772656e-04  -3.1744892670e+00
7.5400000000e-01   2.7466104749e-03  -3.1336872048e+00
7.5600000000e-01   1.3257411446e-03  -3.1812792252e+00
7.5800000000e-01   4.8249968190e-04  -3.1527079275e+00
7.6000000000e-01   3.9304345057e-04  -3.1356148058e+00
7.6200000000e-01   3.6648050098e-04  -3.1205125328e+00
7.6400000000e-01   3.5805425093e-04  -3.1060682360e+00
7.6600000000e-01   3.7363212777e-04  -3.0915883267e+00
7.6800000000e-01   1.7064511843e-03  -3.0695934771e+00
7.7000000000e-01   4.0056152977e-04  -3.0688306899e+00
7.7200000000e-01   3.3924376057e-04  -3.0544727360e+00
7.7400000000e-01   3.2715986345e-04  -3.0411824885e+00
7.7600000000e-01   3.2109372090e-04  -3.0282265488e+00
7.7800000000e-01   3.1676630652e-04  -3.0154728052e+00
7.8000000000e-01   3.1317704482e-04  -3.0028756468e+00
7.8200000000e-01   3.0998413967e-04  -2.9904134393e+00
7.8400000000e-01   3.0704340547e-04  -2.9780735885e+00
7.8600000000e-01   3.0428773232e-04  -2.9658475183e+00
7.8800000000e-01   3.0168838600e-04  -2.9537284995e+00
7.9000000000e-01   2.9924351896e-04  -2.9417104030e+00
7.9200000000e-01   2.9698193017e-04  -2.9297865996e+00
7.9400000000e-01   2.9498785275e-04  -2.9179483393e+00
7.9600000000e-01   2.9348360419e-04  -2.9061812092e+00
7.9800000000e-01   2.9314319144e-04  -2.8944548024e+00
8.0000000000e-01   2.9677635509e-04  -2.8826810182e+00
8.0200000000e-01   3.2852065152e-04  -2.8704103688e+00
8.0400000000e-01   1.3871468772e-02  -2.8871701867e+00
8.0600000000e-01   3.1616797502e-04  -2.8511256506e+00
8.0800000000e-01   2.8684793822e-04  -2.8392412407e+00
8.1000000000e-01   2.7943427787e-04  -2.8279365576e+00
8.1200000000e-01   2.7547380663e-04  -2.8168439015e+00
8.1400000000e-01   2.7257603351e-04  -2.8058850618e+00
8.1600000000e-01   2.7015118442e-04  -2.7950316680e+00
8.1800000000e-01   2.6801736770e-04  -2.7842691497e+00
8.2000000000e-01   2.6614232271e-04  -2.7735868786e+00
8.2200000000e-01   2.6461005353e-04  -2.7629732854e+00
8.2400000000e-01   2.6373573587e-04  -2.7524095943e+00
8.2600000000e-01   2.6468649629e-04  -2.7418515512e+00
8.2800000000e-01   2.7430331223e-04  -2.7311338642e+00
8.3000000000e-01   4.9679787062e-04  -2.7183164651e+00
8.3200000000e-01   3.3253788336e-04  -2.7136597353e+00
8.3400000000e-01   2.6407189146e-04  -2.7023190316e+00
8.3600000000e-01   2.5556264883e-04  -2.6919623651e+00
8.3800000000e-01   2.5295109320e-04  -2.6818027628e+00
8.4000000000e-01   2.5369013614e-04  -2.6716841134e+00
8.4200000000e-01   2.6440058067e-04  -2.6613897659e+00
8.4400000000e-01   4.4384480680e-04  -2.6491209296e+00
8.4600000000e-01   3.8662509448e-04  -2.6463358849e+00
8.4800000000e-01   2.5653712391e-04  -2.6347089245e+00
8.5000000000e-01   2.4335384964e-04  -2.6247672743e+00
8.5200000000e-01   2.3839807450e-04  -2.6151429782e+00
8.5400000000e-01   2.3535941082e-04  -2.6056712725e+00
8.5600000000e-01   2.3301318469e-04  -2.5963052939e+00
8.5800000000e-01   2.3099001475e-04  -2.5870260011e+00
8.6000000000e-01   2.2914903922e-04  -2.5778236982e+00
8.6200000000e-01   2.2742978843e-04  -2.5686924716e+00
8.6400000000e-01   2.2580736466e-04  -2.5596280347e+00
8.6600000000e-01   2.2427827904e-04  -2.5506266482e+00
8.6800000000e-01   2.2286005989e-04  -2.5416843101e+00
8.7000000000e-01   2.2160519827e-04  -2.5327957004e+00
8.7200000000e-01   2.2065008613e-04  -2.5239519983e+00
8.7400000000e-01   2.2039761388e-04  -2.5151347113e+00
8.7600000000e-01   2.2245574093e-04  -2.5062916934e+00
8.7800000000e-01   2.3922211974e-04  -2.4971763144e+00
8.8000000000e-01   9.6426044596e-03  -2.4717688064e+00
8.8200000000e-01   2.4154311894e-04  -2.4823002666e+00
8.8400000000e-01   2.1742558176e-04  -2.4732779652e+00
8.8600000000e-01   2.1208598363e-04  -2.4647042023e+00
8.8800000000e-01   2.0941058052e-04  -2.4562784015e+00
8.9000000000e-01   2.0752574644e-04  -2.4479412639e+00
8.9200000000e-01   2.0598835319e-04  -2.4396718245e+00
8.9400000000e-01   2.0466221303e-04  -2.4314594216e+00
8.9600000000e-01   2.0351214247e-04  -2.4232965246e+00
8.9800000000e-01   2.0255620168e-04  -2.4151758870e+00
9.0000000000e-01   2.0186524513e-04  -2.4070885359e+00
9.0200000000e-01   2.0159833171e-04  -2.3990210987e+00
9.0400000000e-01   2.0211092726e-04  -2.3909504925e+00
9.0600000000e-01   2.0429477124e-04  -2.3828306204e+00
9.0800000000e-01   2.1090747564e-04  -2.3745507375e+00
9.1000000000e-01   2.3431158245e-04  -2.3657545068e+00
9.1200000000e-01   4.0655503081e-04  -2.3542866206e+00
9.1400000000e-01   3.1640002255e-03  -2.3785671059e+00
9.1600000000e-01   2.8014390300e-04  -2.3503294879e+00
9.1800000000e-01   2.1487643482e-04  -2.3408044081e+00
9.2000000000e-01   1.9923276543e-04  -2.3325756660e+00
9.2200000000e-01   1.9259251526e-04  -2.3247539261e+00
9.2400000000e-01   1.8878804333e-04  -2.3171319483e+00
9.2600000000e-01   1.8615951993e-04  -2.3096356097e+00
9.2800000000e-01   1.8410939702e-04  -2.3022316163e+00
9.3000000000e-01   1.8237993807e-04  -2.2949026409e+00
9.3200000000e-01   1.8084534137e-04  -2.2876386506e+00
9.3400000000e-01   1.7943853854e-04  -2.2804333240e+00
9.3600000000e-01   1.7812153655e-04  -2.2732823783e+00
9.3800000000e-01   1.7687218797e-04  -2.2661827043e+00
9.4000000000e-01   1.7567805367e-04  -2.2591318711e+00
9.4200000000e-01   1.7453395496e-04  -2.2521277969e+00
9.4400000000e-01   1.7344243104e-04  -2.2451684598e+00
9.4600000000e-01   1.7241882971e-04  -2.2382515099e+00
9.4800000000e-01   1.7150963109e-04  -2.2313734666e+00
9.5000000000e-01   1.7086586712e-04  -2.2245273604e+00
9.5200000000e-01   1.7117034606e-04  -2.2176926767e+00
9.5400000000e-01   1.7963605922e-04  -2.2107501048e+00
9.5600000000e-01   3.4880484265e-04  -2.2059096793e+00
9.5800000000e-01   1.7095558874e-04  -2.1980393002e+00
9.6000000000e-01   1.6628648384e-04  -2.1913161072e+00
9.6200000000e-01   1.6447991054e-04  -2.1847038819e+00
9.6400000000e-01   1.6320367920e-04  -2.1781511128e+00
9.6600000000e-01   1.6210983103e-04  -2.1716452427e+00
9.6800000000e-01   1.6111130446e-04  -2.1651810821e+00
9.7000000000e-01   1.6018924230e-04  -2.1587553352e+00
9.7200000000e-01   1.5936353331e-04  -2.1523646842e+00
9.7400000000e-01   1.5872005624e-04  -2.1460039042e+00
9.7600000000e-01   1.5858118449e-04  -2.1396607547e+00
9.7800000000e-01   1.6082839576e-04  -2.1332896175e+00
9.8000000000e-01   2.1898072870e-04  -2.1263694356e+00
9.8200000000e-01   1.7748373237e-04  -2.1217253076e+00
9.8400000000e-01   1.5673566289e-04  -2.1152179674e+00
9.8600000000e-01   1.5371811235e-04  -2.1090189449e+00
9.8800000000e-01   1.5220571763e-04  -2.1029025110e+00
9.9000000000e-01   1.5106271889e-04  -2.0968378196e+00
9.9200000000e-01   1.5005738847e-04  -2.0908157149e+00
9.9400000000e-01   1.4911790174e-04  -2.0848323680e+00
9.9600000000e-01   1.4821605384e-04  -2.0788857876e+00
9.9800000000e-01   1.4733890964e-04  -2.0729747573e+00
1.0000000000e+00   1.4647984684e-04  -2.0670984353e+00
1.0020000000e+00   1.4563518995e-04  -2.0612561784e+00
1.0040000000e+00   1.4480277785e-04  -2.0554474574e+00
1.0060000000e+00   1.4398129617e-04  -2.0496718108e+00
1.0080000000e+00   1.4316994708e-04  -2.0439288189e+00
1.0100000000e+00   1.4236828361e-04  -2.0382180862e+00
1.0120000000e+00   1.4157613532e-04  -2.0325392296e+00
1.0140000000e+00   1.4079359629e-04  -2.0268918675e+00
1.0160000000e+00   1.4002107219e-04  -2.0212756087e+00
1.0180000000e+00   1.3925940763e-04  -2.0156900375e+00
1.0200000000e+00   1.3851015374e-04  -2.0101346914e+00
1.0220000000e+00   1.3777612254e-04  -2.0046090235e+00
1.0240000000e+00   1.3706259710e-04  -1.9991123307e+00
1.0260000000e+00   1.3638022508e-04  -1.9936436060e+00
1.0280000000e+00   1.3575288727e-04  -1.9882011943e+00
1.0300000000e+00   1.3524336471e-04  -1.9827818562e+00
1.0320000000e+00   1.3506371971e-04  -1.9773775763e+00
1.0340000000e+00   1.3634913028e-04  -1.9719594768e+00
1.0360000000e+00   1.6176726513e-04  -1.9662633854e+00
1.0380000000e+00   1.5756611973e-04  -1.9620748426e+00
1.0400000000e+00   1.3409886221e-04  -1.9564662281e+00
1.0420000000e+00   1.3150185803e-04  -1.9511637065e+00
1.0440000000e+00   1.3028657614e-04  -1.9459297233e+00
1.0460000000e+00   1.2938967541e-04  -1.9407367710e+00
1.0480000000e+00   1.2860872439e-04  -1.9355770533e+00
1.0500000000e+00   1.2788369389e-04  -1.9304473425e+00
1.0520000000e+00   1.2719231243e-04  -1.9253459149e+00
1.0540000000e+00   1.2652561145e-04  -1.9202716313e+00
1.0560000000e+00   1.2588061861e-04  -1.9152235785e+00
1.0580000000e+00   1.2525807637e-04  -1.9102008843e+00
1.0600000000e+00   1.2466225674e-04  -1.9052025786e+00
1.0620000000e+00   1.2410241711e-04  -1.9002274284e+00
1.0640000000e+00   1.2359688811e-04  -1.8952736699e+00
1.0660000000e+00   1.2318344061e-04  -1.8903384701e+00
1.0680000000e+00   1.2294821225e-04  -1.8854166749e+00
1.0700000000e+00   1.2312242383e-04  -1.8804973513e+00
1.0720000000e+00   1.2451386705e-04  -1.8755516435e+00
1.0740000000e+00   1.3176120408e-04  -1.8704680184e+00
1.0760000000e+00   2.7321572277e-04  -1.8639811293e+00
1.0780000000e+00   1.7823000792e-04  -1.8630494481e+00
1.0800000000e+00   1.2677382185e-04  -1.8574059196e+00
1.0820000000e+00   1.2082011740e-04  -1.8524794726e+00
1.0840000000e+00   1.1866051656e-04  -1.8476949677e+00
1.0860000000e+00   1.1741960729e-04  -1.8429750336e+00
1.0880000000e+00   1.1651622695e-04  -1.8382970434e+00
1.0900000000e+00   1.1577562294e-04  -1.8336516115e+00
1.0920000000e+00   1.1513885810e-04  -1.8290336320e+00
1.0940000000e+00   1.1460086328e-04  -1.8244392117e+00
1.0960000000e+00   1.1422144468e-04  -1.8198635218e+00
1.0980000000e+00   1.1428012353e-04  -1.8152960486e+00
1.1000000000e+00   1.1675677501e-04  -1.8106938467e+00
1.1020000000e+00   3.2779838722e-04  -1.8050054721e+00
1.1040000000e+00   1.1960197046e-04  -1.8022231208e+00
1.1060000000e+00   1.1246643355e-04  -1.7976310711e+00
1.1080000000e+00   1.1091306328e-04  -1.7931678038e+00
1.1100000000e+00   1.1004082835e-04  -1.7887497344e+00
1.1120000000e+00   1.0935664157e-04  -1.7843621458e+00
1.1140000000e+00   1.0874755447e-04  -1.7800002296e+00
1.1160000000e+00   1.0817642526e-04  -1.7756618444e+00
1.1180000000e+00   1.0762822819e-04  -1.7713458135e+00
1.1200000000e+00   1.0709608455e-04  -1.7670513739e+00
1.1220000000e+00   1.0657668165e-04  -1.7627779578e+00
1.1240000000e+00   1.0606853855e-04  -1.7585250899e+00
1.1260000000e+00   1.0557131485e-04  -1.7542923297e+00
1.1280000000e+00   1.0508558568e-04  -1.7500792320e+00
1.1300000000e+00   1.0461290161e-04  -1.7458853097e+00
1.1320000000e+00   1.0415612715e-04  -1.7417099889e+00
1.1340000000e+00   1.0372019811e-04  -1.7375525435e+00
1.1360000000e+00   1.0331368402e-04  -1.7334119843e+00
1.1380000000e+00   1.0295212796e-04  -1.7292868561e+00
1.1400000000e+00   1.0266579035e-04  -1.7251748262e+00
1.1420000000e+00   1.0251983824e-04  -1.7210717601e+00
1.1440000000e+00   1.0267636850e-04  -1.7169693295e+00
1.1460000000e+00   1.0363719708e-04  -1.7128474529e+00
1.1480000000e+00   1.0766821875e-04  -1.7086411835e+00
1.1500000000e+00   1.3955285308e-04  -1.7039513913e+00
1.1520000000e+00   5.5998228022e-04  -1.7053874444e+00
1.1540000000e+00   1.1459930063e-04  -1.6980355763e+00
1.1560000000e+00   1.0308305318e-04  -1.6937462518e+00
1.1580000000e+00   1.0011986955e-04  -1.6896915143e+00
1.1600000000e+00   9.8734325529e-05  -1.6857170420e+00
1.1620000000e+00   9.7855035167e-05  -1.6817862791e+00
1.1640000000e+00   9.7194899258e-05  -1.6778857895e+00
1.1660000000e+00   9.6654806469e-05  -1.6740091137e+00
1.1680000000e+00   9.6199732258e-05  -1.6701522860e+00
1.1700000000e+00   9.5827171348e-05  -1.6663120492e+00
1.1720000000e+00   9.5566506337e-05  -1.6624846464e+00
1.1740000000e+00   9.5509763692e-05  -1.6586640819e+00
1.1760000000e+00   9.5941246261e-05  -1.6548376350e+00
1.1780000000e+00   9.8026167665e-05  -1.6509684531e+00
1.1800000000e+00   1.1121370020e-04  -1.6468746122e+00
1.1820000000e+00   2.9119113226e-02  -1.6414472704e+00
1.1840000000e+00   1.1051172593e-04  -1.6409271730e+00
1.1860000000e+00   9.6332812052e-05  -1.6368823865e+00
1.1880000000e+00   9.3374383686e-05  -1.6330984673e+00
1.1900000000e+00   9.2074604198e-05  -1.6293920525e+00
1.1920000000e+00   9.1257321760e-05  -1.6257263461e+00
1.1940000000e+00   9.0632512520e-05  -1.6220889717e+00
1.1960000000e+00   9.0100896611e-05  -1.6184745264e+00
1.1980000000e+00   8.9621135585e-05  -1.6148802182e+00
1.2000000000e+00   8.9173681751e-05  -1.6113044092e+00
1.2020000000e+00   8.8748537779e-05  -1.6077460286e+00
1.2040000000e+00   8.8340473268e-05  -1.6042042999e+00
1.2060000000e+00   8.7947007477e-05  -1.6006785971e+00
1.2080000000e+00   8.7567614601e-05  -1.5971683527e+00
1.2100000000e+00   8.7203649148e-05  -1.5936729836e+00
1.2120000000e+00   8.6858979622e-05  -1.5901918056e+00
1.2140000000e+00   8.6541822935e-05  -1.5867239025e+00
1.2160000000e+00   8.6269409894e-05  -1.5832678726e+00
1.2180000000e+00   8.6080836375e-05  -1.5798212570e+00
1.2200000000e+00   8.6078964892e-05  -1.5763790012e+00
1.2220000000e+00   8.6609559680e-05  -1.5729282440e+00
1.2240000000e+00   8.9500865393e-05  -1.5694223422e+00
1.2260000000e+00   1.2939045834e-04  -1.5654467314e+00
1.2280000000e+00   1.3022706989e-04  -1.5639295135e+00
1.2300000000e+00   8.8472672950e-05  -1.5599719276e+00
1.2320000000e+00   8.4831686700e-05  -1.5565223760e+00
1.2340000000e+00   8.3580497199e-05  -1.5531571741e+00
1.2360000000e+00   8.2866603504e-05  -1.5498291808e+00
1.2380000000e+00   8.2341411920e-05  -1.5465254155e+00
1.2400000000e+00   8.1901800496e-05  -1.5432407522e+00
1.2420000000e+00   8.1509150775e-05  -1.5399726549e+00
1.2440000000e+00   8.1147253244e-05  -1.5367196147e+00
1.2460000000e+00   8.0809659730e-05  -1.5334805533e+00
1.2480000000e+00   8.0495552816e-05  -1.5302545312e+00
1.2500000000e+00   8.0209049633e-05  -1.5270405444e+00
1.2520000000e+00   7.9961090606e-05  -1.5238372992e+00
1.2540000000e+00   7.9775630134e-05  -1.5206428369e+00
1.2560000000e+00   7.9707230447e-05  -1.5174537228e+00
1.2580000000e+00   7.9897979503e-05  -1.5142629180e+00
1.2600000000e+00   8.0815209726e-05  -1.5110527279e+00
1.2620000000e+00   8.4819886371e-05  -1.5077609513e+00
1.2640000000e+00   1.2933089965e-04  -1.5038957369e+00
1.2660000000e+00   1.7246606392e-04  -1.5036067266e+00
1.2680000000e+00   8.5410525714e-05  -1.4993900736e+00
1.2700000000e+00   7.9547384999e-05  -1.4961198300e+00
1.2720000000e+00   7.7776061875e-05  -1.4929783713e+00
1.2740000000e+00   7.6878368582e-05  -1.4898867931e+00
1.2760000000e+00   7.6277103900e-05  -1.4868242906e+00
1.2780000000e+00   7.5804631011e-05  -1.4837829484e+00
1.2800000000e+00   7.5397835395e-05  -1.4807590593e+00
1.2820000000e+00   7.5028689620e-05  -1.4777506259e+00
1.2840000000e+00   7.4683247498e-05  -1.4747564511e+00
1.2860000000e+00   7.4353987304e-05  -1.4717757519e+00
1.2880000000e+00   7.4036626575e-05  -1.4688079744e+00
1.2900000000e+00   7.3728663264e-05  -1.4658526971e+00
1.2920000000e+00   7.3428662468e-05  -1.4629095757e+00
1.2940000000e+00   7.3135899311e-05  -1.4599783080e+00
1.2960000000e+00   7.2850192884e-05  -1.4570586100e+00
1.2980000000e+00   7.2571862682e-05  -1.4541501946e+00
1.3000000000e+00   7.2301789574e-05  -1.4512527513e+00
1.3020000000e+00   7.2041602449e-05  -1.4483659203e+00
1.3040000000e+00   7.1794062908e-05  -1.4454892555e+00
1.3060000000e+00   7.1563817954e-05  -1.4426221663e+00
1.3080000000e+00   7.1358914607e-05  -1.4397638154e+00
1.3100000000e+00   7.1194050514e-05  -1.4369129258e+00
1.3120000000e+00   7.1098225881e-05  -1.4340673856e+00
1.3140000000e+00   7.1135162458e-05  -1.4312233372e+00
1.3160000000e+00   7.1468186542e-05  -1.4283727551e+00
1.3180000000e+00   7.2627968855e-05  -1.4254954527e+00
1.3200000000e+00   7.7245340498e-05  -1.4225212455e+00
1.3220000000e+00   1.2436379553e-04  -1.4189186705e+00
1.3240000000e+00   1.9891589962e-04  -1.4195496951e+00
1.3260000000e+00   7.9034921713e-05  -1.4153316554e+00
1.3280000000e+00   7.1884937561e-05  -1.4123497883e+00
1.3300000000e+00   6.9861072441e-05  -1.4095210536e+00
1.3320000000e+00   6.8913621061e-05  -1.4067474204e+00
1.3340000000e+00   6.8334402855e-05  -1.4040032291e+00
1.3360000000e+00   6.7924493133e-05  -1.4012784629e+00
1.3380000000e+00   6.7617880293e-05  -1.3985679153e+00
1.3400000000e+00   6.7402443244e-05  -1.3958678365e+00
1.3420000000e+00   6.7312378347e-05  -1.3931740872e+00
1.3440000000e+00   6.7482860450e-05  -1.3904795074e+00
1.3460000000e+00   6.8461027825e-05  -1.3877654501e+00
1.3480000000e+00   7.4140036339e-05  -1.3849499215e+00
1.3500000000e+00   6.2790763651e-04  -1.3796460519e+00
1.3520000000e+00   7.9641838133e-05  -1.3805755119e+00
1.3540000000e+00   6.8147709626e-05  -1.3777023339e+00
1.3560000000e+00   6.6123460032e-05  -1.3750244501e+00
1.3580000000e+00   6.5290059140e-05  -1.3723979439e+00
1.3600000000e+00   6.4783662451e-05  -1.3697970884e+00
1.3620000000e+00   6.4403971688e-05  -1.3672136107e+00
1.3640000000e+00   6.4084699863e-05  -1.3646439811e+00
1.3660000000e+00   6.3798852365e-05  -1.3620863954e+00
1.3680000000e+00   6.3533881759e-05  -1.3595397974e+00
1.3700000000e+00   6.3283473832e-05  -1.3570034922e+00
1.3720000000e+00   6.3044383788e-05  -1.3544769695e+00
1.3740000000e+00   6.2815099935e-05  -1.3519598114e+00
1.3760000000e+00   6.2595279470e-05  -1.3494516360e+00
1.3780000000e+00   6.2385582428e-05  -1.3469520548e+00
1.3800000000e+00   6.2187794225e-05  -1.3444606315e+00
1.3820000000e+00   6.2005281355e-05  -1.3419768289e+00
1.3840000000e+00   6.1844006436e-05  -1.3394999281e+00
1.3860000000e+00   6.1714701969e-05  -1.3370288866e+00
1.3880000000e+00   6.1637791136e-05  -1.3345620631e+00
1.3900000000e+00   6.1655717590e-05  -1.3320966227e+00
1.3920000000e+00   6.1868697675e-05  -1.3296270752e+00
1.3940000000e+00   6.2562880295e-05  -1.3271409790e+00
1.3960000000e+00   6.4854297305e-05  -1.3246023187e+00
1.3980000000e+00   7.6985086571e-05  -1.3218433835e+00
1.4000000000e+00   2.4446976928e-03  -1.3117640492e+00
1.4020000000e+00   8.3783097324e-05  -1.3186712455e+00
1.4040000000e+00   6.4972440279e-05  -1.3158284354e+00
1.4060000000e+00   6.1675548835e-05  -1.3133084861e+00
1.4080000000e+00   6.0456761881e-05  -1.3108689816e+00
1.4100000000e+00   5.9827949878e-05  -1.3084644323e+00
1.4120000000e+00   5.9440609971e-05  -1.3060796144e+00
1.4140000000e+00   5.9184193623e-05  -1.3037074687e+00
1.4160000000e+00   5.9022805403e-05  -1.3013436276e+00
1.4180000000e+00   5.8955391404e-05  -1.2989844049e+00
1.4200000000e+00   5.9010023585e-05  -1.2966255893e+00
1.4220000000e+00   5.9259496300e-05  -1.2942610478e+00
1.4240000000e+00   5.9876579165e-05  -1.2918800409e+00
1.4260000000e+00   6.1320282437e-05  -1.2894602792e+00
1.4280000000e+00   6.5135059952e-05  -1.2869446055e+00
1.4300000000e+00   7.9471262727e-05  -1.2841251211e+00
1.4320000000e+00   2.5733134259e-04  -1.2791621833e+00
1.4340000000e+00   2.6818556282e-04  -1.2851555221e+00
1.4360000000e+00   7.9330320031e-05  -1.2801095370e+00
1.4380000000e+00   6.4311534309e-05  -1.2773114789e+00
1.4400000000e+00   6.0092300900e-05  -1.2748371412e+00
1.4420000000e+00   5.8307304685e-05  -1.2724734888e+00
1.4440000000e+00   5.7405517684e-05  -1.2701611790e+00
1.4460000000e+00   5.6972520931e-05  -1.2678749452e+00
1.4480000000e+00   5.6972045838e-05  -1.2655977724e+00
1.4500000000e+00   5.7815918677e-05  -1.2633065375e+00
1.4520000000e+00   6.2225081805e-05  -1.2609307083e+00
1.4540000000e+00   1.3836562264e-04  -1.2577562999e+00
1.4560000000e+00   9.6670003681e-05  -1.2579504884e+00
1.4580000000e+00   5.9954204060e-05  -1.2551550614e+00
1.4600000000e+00   5.6126904056e-05  -1.2528507620e+00
1.4620000000e+00   5.4864696625e-05  -1.2506343393e+00
1.4640000000e+00   5.4212715606e-05  -1.2484538892e+00
1.4660000000e+00   5.3780390124e-05  -1.2462944891e+00
1.4680000000e+00   5.3447581960e-05  -1.2441501602e+00
1.4700000000e+00   5.3167168303e-05  -1.2420179949e+00
1.4720000000e+00   5.2917469529e-05  -1.2398963820e+00
1.4740000000e+00   5.2687308797e-05  -1.2377843392e+00
1.4760000000e+00   5.2470408197e-05  -1.2356812217e+00
1.4780000000e+00   5.2262997490e-05  -1.2335865807e+00
1.4800000000e+00   5.2062687934e-05  -1.2315000877e+00
1.4820000000e+00   5.1867898772e-05  -1.2294214924e+00
1.4840000000e+00   5.1677546041e-05  -1.2273505969e+00
1.4860000000e+00   5.1490864638e-05  -1.2252872399e+00
1.4880000000e+00   5.1307302100e-05  -1.2232312862e+00
1.4900000000e+00   5.1126452971e-05  -1.2211826196e+00
1.4920000000e+00   5.0948017225e-05  -1.2191411379e+00
1.4940000000e+00   5.0771773661e-05  -1.2171067491e+00
1.4960000000e+00   5.0597563181e-05  -1.2150793689e+00
1.4980000000e+00   5.0425279207e-05  -1.2130589184e+00
1.5000000000e+00   5.0254863992e-05  -1.2110453217e+00
1.5020000000e+00   5.0086310914e-05  -1.2090385045e+00
1.5040000000e+00   4.9919674267e-05  -1.2070383914e+00
1.5060000000e+00   4.9755090450e-05  -1.2050449033e+00
1.5080000000e+00   4.9592818887e-05  -1.2030579534e+00
1.5100000000e+00   4.9433320568e-05  -1.2010774410e+00
1.5120000000e+00   4.9277414557e-05  -1.1991032402e+00
1.5140000000e+00   4.9126610654e-05  -1.1971351805e+00
1.5160000000e+00   4.8983882873e-05  -1.1951730052e+00
1.5180000000e+00   4.8855698741e-05  -1.1932162799e+00
1.5200000000e+00   4.8758312276e-05  -1.1912641513e+00
1.5220000000e+00   4.8742758059e-05  -1.1893145783e+00
1.5240000000e+00   4.9045423940e-05  -1.1873608914e+00
1.5260000000e+00   5.2459316550e-05  -1.1853599953e+00
1.5280000000e+00   7.8228172971e-05  -1.1838959409e+00
1.5300000000e+00   4.9220524838e-05  -1.1817207070e+00
1.5320000000e+00   4.8099266395e-05  -1.1797797834e+00
1.5340000000e+00   4.7717566699e-05  -1.1778642786e+00
1.5360000000e+00   4.7477854131e-05  -1.1759606082e+00
1.5380000000e+00   4.7284477443e-05  -1.1740654557e+00
1.5400000000e+00   4.7111107098e-05  -1.1721775898e+00
1.5420000000e+00   4.6948162576e-05  -1.1702964304e+00
1.5440000000e+00   4.6791507756e-05  -1.1684216539e+00
1.5460000000e+00   4.6639150050e-05  -1.1665530530e+00
1.5480000000e+00   4.6490068060e-05  -1.1646904784e+00
1.5500000000e+00   4.6343735410e-05  -1.1628338110e+00
1.5520000000e+00   4.6199909545e-05  -1.1609829463e+00
1.5540000000e+00   4.6058534932e-05  -1.1591377857e+00
1.5560000000e+00   4.5919702580e-05  -1.1572982297e+00
1.5580000000e+00   4.5783642835e-05  -1.1554641726e+00
1.5600000000e+00   4.5650743999e-05  -1.1536354963e+00
1.5620000000e+00   4.5521598740e-05  -1.1518120632e+00
1.5640000000e+00   4.5397089197e-05  -1.1499937068e+00
1.5660000000e+00   4.5278535065e-05  -1.1481802171e+00
1.5680000000e+00   4.5167954118e-05  -1.1463713184e+00
1.5700000000e+00   4.5068538168e-05  -1.1445666330e+00
1.5720000000e+00   4.4985571510e-05  -1.1427656179e+00
1.5740000000e+00   4.4928332909e-05  -1.1409674480e+00
1.5760000000e+00   4.4914405350e-05  -1.1391707822e+00
1.5780000000e+00   4.4980654552e-05  -1.1373732478e+00
1.5800000000e+00   4.5216006281e-05  -1.1355701400e+00
1.5820000000e+00   4.5884629550e-05  -1.1337504531e+00
1.5840000000e+00   4.8099357551e-05  -1.1318804710e+00
1.5860000000e+00   6.1936464403e-05  -1.1297790971e+00
1.5880000000e+00   1.6199347960e-03  -1.1345779676e+00
1.5900000000e+00   5.6190302083e-05  -1.1274632428e+00
1.5920000000e+00   4.7216374488e-05  -1.1254519328e+00
1.5940000000e+00   4.5520278962e-05  -1.1236048216e+00
1.5960000000e+00   4.5261889046e-05  -1.1217924192e+00
1.5980000000e+00   4.6168906743e-05  -1.1199691974e+00
1.6000000000e+00   5.1168546917e-05  -1.1180510845e+00
1.6020000000e+00   1.4914561647e-04  -1.1151681107e+00
1.6040000000e+00   8.1624317725e-05  -1.1160230003e+00
1.6060000000e+00   4.8318861559e-05  -1.1137198404e+00
1.6080000000e+00   4.4615615832e-05  -1.1118779076e+00
1.6100000000e+00   4.3417208825e-05  -1.1101206337e+00
1.6120000000e+00   4.2826694699e-05  -1.1083968552e+00
1.6140000000e+00   4.2456279204e-05  -1.1066916586e+00
1.6160000000e+00   4.2185386575e-05  -1.1049990550e+00
1.6180000000e+00   4.1966489311e-05  -1.1033161454e+00
1.6200000000e+00   4.1777705645e-05  -1.1016413392e+00
1.6220000000e+00   4.1607788279e-05  -1.0999736798e+00
1.6240000000e+00   4.1450462630e-05  -1.0983125495e+00
1.6260000000e+00   4.1302002665e-05  -1.0966575253e+00
1.6280000000e+00   4.1160087889e-05  -1.0950083025e+00
1.6300000000e+00   4.1023222415e-05  -1.0933646513e+00
1.6320000000e+00   4.0890422082e-05  -1.0917263907e+00
1.6340000000e+00   4.0761038950e-05  -1.0900933721e+00
1.6360000000e+00   4.0634661305e-05  -1.0884654676e+00
1.6380000000e+00   4.0511058786e-05  -1.0868425623e+00
1.6400000000e+00   4.0390158174e-05  -1.0852245470e+00
1.6420000000e+00   4.0272044760e-05  -1.0836113126e+00
1.6440000000e+00   4.0156991894e-05  -1.0820027428e+00
1.6460000000e+00   4.0045530823e-05  -1.0803987056e+00
1.6480000000e+00   3.9938589860e-05  -1.0787990404e+00
1.6500000000e+00   3.9837768192e-05  -1.0772035374e+00
1.6520000000e+00   3.9745897497e-05  -1.0756119008e+00
1.6540000000e+00   3.9668281049e-05  -1.0740236780e+00
1.6560000000e+00   3.9615720575e-05  -1.0724381101e+00
1.6580000000e+00   3.9613012233e-05  -1.0708537723e+00
1.6600000000e+00   3.9727993641e-05  -1.0692675597e+00
1.6620000000e+00   4.0206397636e-05  -1.0676710033e+00
1.6640000000e+00   4.2577977546e-05  -1.0660293118e+00
1.6660000000e+00   1.1491803025e-04  -1.0638133300e+00
1.6680000000e+00   5.0062198877e-05  -1.0634333079e+00
1.6700000000e+00   4.0633987449e-05  -1.0616958721e+00
1.6720000000e+00   3.9338697621e-05  -1.0601018193e+00
1.6740000000e+00   3.8870876401e-05  -1.0585387953e+00
1.6760000000e+00   3.8617035746e-05  -1.0569894380e+00
1.6780000000e+00   3.8446235017e-05  -1.0554483582e+00
1.6800000000e+00   3.8318581784e-05  -1.0539131747e+00
1.6820000000e+00   3.8220886780e-05  -1.0523824774e+00
1.6840000000e+00   3.8151414274e-05  -1.0508551315e+00
1.6860000000e+00   3.8116849692e-05  -1.0493299041e+00
1.6880000000e+00   3.8135355555e-05  -1.0478050862e+00
1.6900000000e+00   3.8248615591e-05  -1.0462778374e+00
1.6920000000e+00   3.8559939159e-05  -1.0447426323e+00
1.6940000000e+00   3.9378319392e-05  -1.0431865886e+00
1.6960000000e+00   4.2000746772e-05  -1.0415702975e+00
1.6980000000e+00   5.7928527758e-05  -1.0396845421e+00
1.7000000000e+00   2.8564464975e-03  -1.0474876301e+00
1.7020000000e+00   5.2291079610e-05  -1.0381594566e+00
1.7040000000e+00   4.0930007231e-05  -1.0363667476e+00
1.7060000000e+00   3.8588862632e-05  -1.0347851659e+00
1.7080000000e+00   3.7698802140e-05  -1.0332617253e+00
1.7100000000e+00   3.7253824783e-05  -1.0317635729e+00
1.7120000000e+00   3.7008333397e-05  -1.0302788298e+00
1.7140000000e+00   3.6901754014e-05  -1.0288010964e+00
1.7160000000e+00   3.6981187070e-05  -1.0273242991e+00
1.7180000000e+00   3.7567460295e-05  -1.0258363365e+00
1.7200000000e+00   4.1284220891e-05  -1.0242844689e+00
1.7220000000e+00   2.5651438714e-03  -1.0190057433e+00
1.7240000000e+00   4.1936004476e-05  -1.0218614493e+00
1.7260000000e+00   3.7164739062e-05  -1.0203114024e+00
1.7280000000e+00   3.6225638755e-05  -1.0188469696e+00
1.7300000000e+00   3.5830532263e-05  -1.0174066794e+00
1.7320000000e+00   3.5591768012e-05  -1.0159785345e+00
1.7340000000e+00   3.5415055858e-05  -1.0145585338e+00
1.7360000000e+00   3.5268217294e-05  -1.0131449393e+00
1.7380000000e+00   3.5137780481e-05  -1.0117368608e+00
1.7400000000e+00   3.5017264472e-05  -1.0103337860e+00
1.7420000000e+00   3.4903218912e-05  -1.0089353941e+00
1.7440000000e+00   3.4793659186e-05  -1.0075414691e+00
1.7460000000e+00   3.4687372216e-05  -1.0061518579e+00
1.7480000000e+00   3.4583579601e-05  -1.0047664462e+00
1.7500000000e+00   3.4481762077e-05  -1.0033851453e+00
1.7520000000e+00   3.4381562608e-05  -1.0020078838e+00
1.7540000000e+00   3.4282730435e-05  -1.0006346021e+00
1.7560000000e+00   3.4185087709e-05  -9.9926524951e-01
1.7580000000e+00   3.4088509405e-05  -9.9789978096e-01
1.7600000000e+00   3.3992911694e-05  -9.9653815572e-01
1.7620000000e+00   3.3898246437e-05  -9.9518033563e-01
1.7640000000e+00   3.3804501237e-05  -9.9382628377e-01
1.7660000000e+00   3.3711706156e-05  -9.9247596290e-01
1.7680000000e+00   3.3619950910e-05  -9.9112933347e-01
1.7700000000e+00   3.3529421818e-05  -9.8978635057e-01
1.7720000000e+00   3.3440481253e-05  -9.8844695872e-01
1.7740000000e+00   3.3353849441e-05  -9.8711108166e-01
1.7760000000e+00   3.3271066146e-05  -9.8577860035e-01
1.7780000000e+00   3.3195852551e-05  -9.8444929812e-01
1.7800000000e+00   3.3139115467e-05  -9.8312269637e-01
1.7820000000e+00   3.3145170316e-05  -9.8179739700e-01
1.7840000000e+00   3.3575065592e-05  -9.8046647242e-01
1.7860000000e+00   1.1085434241e-03  -9.7933878825e-01
1.7880000000e+00   3.3387629337e-05  -9.7789781525e-01
1.7900000000e+00   3.2789212913e-05  -9.7657768254e-01
1.7920000000e+00   3.2606661832e-05  -9.7527014658e-01
1.7940000000e+00   3.2486184174e-05  -9.7396838626e-01
1.7960000000e+00   3.2383981712e-05  -9.7267101863e-01
1.7980000000e+00   3.2289227597e-05  -9.7137757108e-01
1.8000000000e+00   3.2198210113e-05  -9.7008783150e-01
1.8020000000e+00   3.2109381583e-05  -9.6880168545e-01
1.8040000000e+00   3.2022008666e-05  -9.6751906173e-01
1.8060000000e+00   3.1935715035e-05  -9.6623991046e-01
1.8080000000e+00   3.1850302767e-05  -9.6496419284e-01
1.8100000000e+00   3.1765677443e-05  -9.6369187579e-01
1.8120000000e+00   3.1681819784e-05  -9.6242292845e-01
1.8140000000e+00   3.1598786264e-05  -9.6115731927e-01
1.8160000000e+00   3.1516741885e-05  -9.5989501246e-01
1.8180000000e+00   3.1436054881e-05  -9.5863596203e-01
1.8200000000e+00   3.1357555399e-05  -9.5738009942e-01
1.8220000000e+00   3.1283335601e-05  -9.5612730214e-01
1.8240000000e+00   3.1219866501e-05  -9.5487729597e-01
1.8260000000e+00   3.1196048807e-05  -9.5362923153e-01
1.8280000000e+00   3.1516436757e-05  -9.5237808579e-01
1.8300000000e+00   3.8642574219e-05  -9.5121729370e-01
1.8320000000e+00   3.1075072221e-05  -9.4992987133e-01
1.8340000000e+00   3.0839768568e-05  -9.4869248847e-01
1.8360000000e+00   3.0725090679e-05  -9.4746132107e-01
1.8380000000e+00   3.0632376643e-05  -9.4623420817e-01
1.8400000000e+00   3.0546762674e-05  -9.4501063988e-01
1.8420000000e+00   3.0464261203e-05  -9.4379042664e-01
1.8440000000e+00   3.0383438717e-05  -9.4257347694e-01
1.8460000000e+00   3.0303677267e-05  -9.4135973754e-01
1.8480000000e+00   3.0224675445e-05  -9.4014917270e-01
1.8500000000e+00   3.0146273016e-05  -9.3894175555e-01
1.8520000000e+00   3.0068380095e-05  -9.3773746409e-01
1.8540000000e+00   2.9990945761e-05  -9.3653627905e-01
1.8560000000e+00   2.9913943739e-05  -9.3533818268e-01
1.8580000000e+00   2.9837366851e-05  -9.3414315789e-01
1.8600000000e+00   2.9761227755e-05  -9.3295118751e-01
1.8620000000e+00   2.9685567284e-05  -9.3176225332e-01
1.8640000000e+00   2.9610477521e-05  -9.3057633457e-01
1.8660000000e+00   2.9536162575e-05  -9.2939340491e-01
1.8680000000e+00   2.9463117289e-05  -9.2821342500e-01
1.8700000000e+00   2.9392771291e-05  -9.2703632089e-01
1.8720000000e+00   2.9330740538e-05  -9.2586190037e-01
1.8740000000e+00   2.9318929635e-05  -9.2468930450e-01
1.8760000000e+00   4.3680664715e-05  -9.2347928225e-01
1.8780000000e+00   2.9203076075e-05  -9.2236455405e-01
1.8800000000e+00   2.9039372105e-05  -9.2120034317e-01
1.8820000000e+00   2.8950958789e-05  -9.2004060089e-01
1.8840000000e+00   2.8872945047e-05  -9.1888413898e-01
1.8860000000e+00   2.8798041999e-05  -9.1773072554e-01
1.8880000000e+00   2.8724512679e-05  -9.1658027773e-01
1.8900000000e+00   2.8651772575e-05  -9.1543275415e-01
1.8920000000e+00   2.8579579879e-05  -9.1428812869e-01
1.8940000000e+00   2.8507819574e-05  -9.1314638202e-01
1.8960000000e+00   2.8436431160e-05  -9.1200749818e-01
1.8980000000e+00   2.8365380385e-05  -9.1087146304e-01
1.9000000000e+00   2.8294646896e-05  -9.0973826353e-01
1.9020000000e+00   2.8224218413e-05  -9.0860788722e-01
1.9040000000e+00   2.8154087923e-05  -9.0748032209e-01
1.9060000000e+00   2.8084252477e-05  -9.0635555626e-01
1.9080000000e+00   2.8014713084e-05  -9.0523357795e-01
1.9100000000e+00   2.7945475722e-05  -9.0411437520e-01
1.9120000000e+00   2.7876554126e-05  -9.0299793569e-01
1.9140000000e+00   2.7807976180e-05  -9.0188424630e-01
1.9160000000e+00   2.7739799129e-05  -9.0077329228e-01
1.9180000000e+00   2.7672149700e-05  -8.9966505542e-01
1.9200000000e+00   2.7605348500e-05  -8.9855950925e-01
1.9220000000e+00   2.7540402904e-05  -8.9745660388e-01
1.9240000000e+00   2.7481961374e-05  -8.9635619820e-01
1.9260000000e+00   2.7484131789e-05  -8.9525744085e-01
1.9280000000e+00   2.7979475482e-05  -8.9417214779e-01
1.9300000000e+00   2.7294296797e-05  -8.9307477840e-01
1.9320000000e+00   2.7208087617e-05  -8.9198484338e-01
1.9340000000e+00   2.7137185593e-05  -8.9089795555e-01
1.9360000000e+00   2.7069385501e-05  -8.8981382969e-01
1.9380000000e+00   2.7002747582e-05  -8.8873238969e-01
1.9400000000e+00   2.6936739388e-05  -8.8765360162e-01
1.9420000000e+00   2.6871167567e-05  -8.8657744477e-01
1.9440000000e+00   2.6805949118e-05  -8.8550390353e-01
1.9460000000e+00   2.6741044938e-05  -8.8443296466e-01
1.9480000000e+00   2.6676436547e-05  -8.8336461600e-01
1.9500000000e+00   2.6612117127e-05  -8.8229884589e-01
1.9520000000e+00   2.6548088359e-05  -8.8123564276e-01
1.9540000000e+00   2.6484360417e-05  -8.8017499482e-01
1.9560000000e+00   2.6420954788e-05  -8.7911688965e-01
1.9580000000e+00   2.6357911305e-05  -8.7806131363e-01
1.9600000000e+00   2.6295303698e-05  -8.7700825097e-01
1.9620000000e+00   2.6233275475e-05  -8.7595768168e-01
1.9640000000e+00   2.6172131682e-05  -8.7490957732e-01
1.9660000000e+00   2.6112612162e-05  -8.7386389003e-01
1.9680000000e+00   2.6056910571e-05  -8.7282051961e-01
1.9700000000e+00   2.6014154773e-05  -8.7177917842e-01
1.9720000000e+00   2.6063581864e-05  -8.7073839820e-01
1.9740000000e+00   5.8112417290e-05  -8.6978341063e-01
1.9760000000e+00   2.5910333874e-05  -8.6868024714e-01
1.9780000000e+00   2.5764326800e-05  -8.6764730050e-01
1.9800000000e+00   2.5686698654e-05  -8.6661834613e-01
1.9820000000e+00   2.5620015785e-05  -8.6559222944e-01
1.9840000000e+00   2.5556742424e-05  -8.6456870122e-01
1.9860000000e+00   2.5494977116e-05  -8.6354767042e-01
1.9880000000e+00   2.5434067700e-05  -8.6252909181e-01
1.9900000000e+00   2.5373753253e-05  -8.6151293714e-01
1.9920000000e+00   2.5313932370e-05  -8.6049918501e-01
1.9940000000e+00   2.5254596008e-05  -8.5948781614e-01
1.9960000000e+00   2.5195830607e-05  -8.5847880980e-01
1.9980000000e+00   2.5137903566e-05  -8.5747213871e-01
2.0000000000e+00   2.5081596532e-05  -8.5646775662e-01
2.0020000000e+00   2.5029769256e-05  -8.5546555493e-01
2.0040000000e+00   2.4999996741e-05  -8.5446512071e-01
2.0060000000e+00   2.5694277979e-05  -8.5346068627e-01
2.0080000000e+00   2.4985882902e-05  -8.5247941542e-01
2.0100000000e+00   2.4808037596e-05  -8.5148453849e-01
2.0120000000e+00   2.4735517451e-05  -8.5049373567e-01
2.0140000000e+00   2.4673485098e-05  -8.4950557059e-01
2.0160000000e+00   2.4614243691e-05  -8.4851982142e-01
2.0180000000e+00   2.4556151921e-05  -8.4753641617e-01
2.0200000000e+00   2.4498689362e-05  -8.4655532100e-01
2.0220000000e+00   2.4441648731e-05  -8.4557651545e-01
2.0240000000e+00   2.4384934037e-05  -8.4459998478e-01
2.0260000000e+00   2.4328495823e-05  -8.4362571706e-01
2.0280000000e+00   2.4272306596e-05  -8.4265370181e-01
2.0300000000e+00   2.4216350347e-05  -8.4168392943e-01
2.0320000000e+00   2.4160617757e-05  -8.4071639080e-01
2.0340000000e+00   2.4105104017e-05  -8.3975107709e-01
2.0360000000e+00   2.4049808153e-05  -8.3878797958e-01
2.0380000000e+00   2.3994733639e-05  -8.3782708950e-01
2.0400000000e+00   2.3939890918e-05  -8.3686839781e-01
2.0420000000e+00   2.3885304135e-05  -8.3591189483e-01
2.0440000000e+00   2.3831029691e-05  -8.3495756935e-01
2.0460000000e+00   2.3777215637e-05  -8.3400540644e-01
2.0480000000e+00   2.3724347049e-05  -8.3305538004e-01
2.0500000000e+00   2.3674832954e-05  -8.3210741837e-01
2.0520000000e+00   2.3664319738e-05  -8.3116102786e-01
2.0540000000e+00   2.3680766495e-05  -8.3022066967e-01
2.0560000000e+00   2.3516372370e-05  -8.2927797365e-01
2.0580000000e+00   2.3456760453e-05  -8.2833854530e-01
2.0600000000e+00   2.3402053283e-05  -8.2740137531e-01
2.0620000000e+00   2.3348512000e-05  -8.2646636630e-01
2.0640000000e+00   2.3295480207e-05  -8.2553348772e-01
2.0660000000e+00   2.3242768697e-05  -8.2460272366e-01
2.0680000000e+00   2.3190306186e-05  -8.2367406292e-01
2.0700000000e+00   2.3138060723e-05  -8.2274749628e-01
2.0720000000e+00   2.3086016091e-05  -8.2182301540e-01
2.0740000000e+00   2.3034163247e-05  -8.2090061244e-01
2.0760000000e+00   2.2982496789e-05  -8.1998027985e-01
2.0780000000e+00   2.2931013350e-05  -8.1906201026e-01
2.0800000000e+00   2.2879710846e-05  -8.1814579638e-01
2.0820000000e+00   2.2828588127e-05  -8.1723163100e-01
2.0840000000e+00   2.2777644894e-05  -8.1631950694e-01
2.0860000000e+00   2.2726881815e-05  -8.1540941701e-01
2.0880000000e+00   2.2676300911e-05  -8.1450135397e-01
2.0900000000e+00   2.2625906396e-05  -8.1359531045e-01
2.0920000000e+00   2.2575706433e-05  -8.1269127887e-01
2.0940000000e+00   2.2525717051e-05  -8.1178925114e-01
2.0960000000e+00   2.2475971669e-05  -8.1088921827e-01
2.0980000000e+00   2.2426547695e-05  -8.0999116918e-01
2.1000000000e+00   2.2377656546e-05  -8.0909508754e-01
2.1020000000e+00   2.2330054732e-05  -8.0820094042e-01
2.1040000000e+00   2.2288298817e-05  -8.0730861534e-01
2.1060000000e+00   2.2415775944e-05  -8.0641669154e-01
2.1080000000e+00   2.2221131239e-05  -8.0553209963e-01
2.1100000000e+00   2.2137188528e-05  -8.0464523258e-01
2.1120000000e+00   2.2084378136e-05  -8.0376082102e-01
2.1140000000e+00   2.2034639586e-05  -8.0287844522e-01
2.1160000000e+00   2.1985785669e-05  -8.0199803856e-01
2.1180000000e+00   2.1937356071e-05  -8.0111957682e-01
2.1200000000e+00   2.1889206341e-05  -8.0024304638e-01
2.1220000000e+00   2.1841280151e-05  -7.9936843735e-01
2.1240000000e+00   2.1793553217e-05  -7.9849574133e-01
2.1260000000e+00   2.1746016283e-05  -7.9762495057e-01
2.1280000000e+00   2.1698670693e-05  -7.9675605748e-01
2.1300000000e+00   2.1651531795e-05  -7.9588905417e-01
2.1320000000e+00   2.1604647011e-05  -7.9502393159e-01
2.1340000000e+00   2.1558171305e-05  -7.9416067712e-01
2.1360000000e+00   2.1512813831e-05  -7.9329926416e-01
2.1380000000e+00   2.1476355725e-05  -7.9243956125e-01
2.1400000000e+00   2.1561271096e-05  -7.9158363261e-01
2.1420000000e+00   2.1376030110e-05  -7.9072680307e-01
2.1440000000e+00   2.1326405982e-05  -7.8987277499e-01
2.1460000000e+00   2.1279609523e-05  -7.8902065810e-01
2.1480000000e+00   2.1233454816e-05  -7.8817039812e-01
2.1500000000e+00   2.1187604802e-05  -7.8732197773e-01
2.1520000000e+00   2.1141967809e-05  -7.8647538692e-01
2.1540000000e+00   2.1096510415e-05  -7.8563061793e-01
2.1560000000e+00   2.1051217973e-05  -7.8478766389e-01
2.1580000000e+00   2.1006083239e-05  -7.8394651839e-01
2.1600000000e+00   2.0961102407e-05  -7.8310717519e-01
2.1620000000e+00   2.0916273584e-05  -7.8226962817e-01
2.1640000000e+00   2.0871596267e-05  -7.8143387128e-01
2.1660000000e+00   2.0827071405e-05  -7.8059989844e-01
2.1680000000e+00   2.0782702098e-05  -7.7976770350e-01
2.1700000000e+00   2.0738495528e-05  -7.7893728011e-01
2.1720000000e+00   2.0694468094e-05  -7.7810862148e-01
2.1740000000e+00   2.0650660964e-05  -7.7728171976e-01
2.1760000000e+00   2.0607198797e-05  -7.7645656413e-01
2.1780000000e+00   2.0564611686e-05  -7.7563313301e-01
2.1800000000e+00   2.0527732030e-05  -7.7481133429e-01
2.1820000000e+00   2.1180959705e-05  -7.7399447781e-01
2.1840000000e+00   2.0438272051e-05  -7.7317384421e-01
2.1860000000e+00   2.0390888767e-05  -7.7235728812e-01
2.1880000000e+00   2.0347024221e-05  -7.7154253367e-01
2.1900000000e+00   2.0303850527e-05  -7.7072951751e-01
2.1920000000e+00   2.0260981887e-05  -7.6991822165e-01
2.1940000000e+00   2.0218319705e-05  -7.6910863624e-01
2.1960000000e+00   2.0175830531e-05  -7.6830075378e-01
2.1980000000e+00   2.0133502124e-05  -7.6749456766e-01
2.2000000000e+00   2.0091331954e-05  -7.6669007151e-01
2.2020000000e+00   2.0049324823e-05  -7.6588725893e-01
2.2040000000e+00   2.0007495466e-05  -7.6508612316e-01
2.2060000000e+00   1.9965878792e-05  -7.6428665648e-01
2.2080000000e+00   1.9924562220e-05  -7.6348884892e-01
2.2100000000e+00   1.9883807314e-05  -7.6269268428e-01
2.2120000000e+00   1.9844703511e-05  -7.6189812397e-01
2.2140000000e+00   1.9816666184e-05  -7.6110498886e-01
2.2160000000e+00   2.4157251754e-05  -7.6032398541e-01
2.2180000000e+00   1.9731114133e-05  -7.5952558070e-01
2.2200000000e+00   1.9679914013e-05  -7.5873742702e-01
2.2220000000e+00   1.9637124872e-05  -7.5795109459e-01
2.2240000000e+00   1.9595759378e-05  -7.5716643936e-01
2.2260000000e+00   1.9554903841e-05  -7.5638342726e-01
2.2280000000e+00   1.9514327056e-05  -7.5560204339e-01
2.2300000000e+00   1.9473948421e-05  -7.5482227847e-01
2.2320000000e+00   1.9433733699e-05  -7.5404412534e-01
2.2340000000e+00   1.9393666200e-05  -7.5326757782e-01
2.2360000000e+00   1.9353736896e-05  -7.5249263021e-01
2.2380000000e+00   1.9313940493e-05  -7.5171927710e-01
2.2400000000e+00   1.9274273689e-05  -7.5094751324e-01
2.2420000000e+00   1.9234734349e-05  -7.5017733351e-01
2.2440000000e+00   1.9195321112e-05  -7.4940873282e-01
2.2460000000e+00   1.9156033243e-05  -7.4864170615e-01
2.2480000000e+00   1.9116870688e-05  -7.4787624849e-01
2.2500000000e+00   1.9077834426e-05  -7.4711235481e-01
2.2520000000e+00   1.9038927475e-05  -7.4635002001e-01
2.2540000000e+00   1.9000157846e-05  -7.4558923879e-01
2.2560000000e+00   1.8961548825e-05  -7.4483000527e-01
2.2580000000e+00   1.8923187458e-05  -7.4407231170e-01
2.2600000000e+00   1.8885635526e-05  -7.4331614081e-01
2.2620000000e+00   1.8880323276e-05  -7.4256126972e-01
2.2640000000e+00   1.8811233429e-05  -7.4180862666e-01
2.2660000000e+00   1.8770354298e-05  -7.4105701750e-01
2.2680000000e+00   1.8732006968e-05  -7.4030697237e-01
2.2700000000e+00   1.8694046014e-05  -7.3955845211e-01
2.2720000000e+00   1.8656288003e-05  -7.3881144604e-01
2.2740000000e+00   1.8618713217e-05  -7.3806594666e-01
2.2760000000e+00   1.8581375356e-05  -7.3732194589e-01
2.2780000000e+00   1.8544545630e-05  -7.3657943027e-01
2.2800000000e+00   1.8510518971e-05  -7.3583835159e-01
2.2820000000e+00   2.2664437201e-05  -7.3510225897e-01
2.2840000000e+00   1.8435920985e-05  -7.3436116675e-01
2.2860000000e+00   1.8395953158e-05  -7.3362454944e-01
2.2880000000e+00   1.8358529627e-05  -7.3288946241e-01
2.2900000000e+00   1.8321584495e-05  -7.3215586107e-01
2.2920000000e+00   1.8284857086e-05  -7.3142373281e-01
2.2940000000e+00   1.8248282133e-05  -7.3069307049e-01
2.2960000000e+00   1.8211836848e-05  -7.2996386852e-01
2.2980000000e+00   1.8175511409e-05  -7.2923612194e-01
2.3000000000e+00   1.8139300876e-05  -7.2850982608e-01
2.3020000000e+00   1.8103202433e-05  -7.2778497638e-01
2.3040000000e+00   1.8067214290e-05  -7.2706156841e-01
2.3060000000e+00   1.8031335197e-05  -7.2633959779e-01
2.3080000000e+00   1.7995564209e-05  -7.2561906016e-01
2.3100000000e+00   1.7959900558e-05  -7.2489995122e-01
2.3120000000e+00   1.7924343590e-05  -7.2418226669e-01
2.3140000000e+00   1.7888892722e-05  -7.2346600232e-01
2.3160000000e+00   1.7853547421e-05  -7.2275115387e-01
2.3180000000e+00   1.7818307189e-05  -7.2203771713e-01
2.3200000000e+00   1.7783171551e-05  -7.2132568790e-01
2.3220000000e+00   1.7748140051e-05  -7.2061506202e-01
2.3240000000e+00   1.7713212247e-05  -7.1990583532e-01
2.3260000000e+00   1.7678387711e-05  -7.1919800366e-01
2.3280000000e+00   1.7643666020e-05  -7.1849156293e-01
2.3300000000e+00   1.7609046764e-05  -7.1778650901e-01
2.3320000000e+00   1.7574529537e-05  -7.1708283783e-01
2.3340000000e+00   1.7540113944e-05  -7.1638054530e-01
2.3360000000e+00   1.7505799594e-05  -7.1567962736e-01
2.3380000000e+00   1.7471586105e-05  -7.1498007999e-01
2.3400000000e+00   1.7437473103e-05  -7.1428189914e-01
2.3420000000e+00   1.7403460223e-05  -7.1358508081e-01
2.3440000000e+00   1.7369547111e-05  -7.1288962099e-01
2.3460000000e+00   1.7335733425e-05  -7.1219551571e-01
2.3480000000e+00   1.7302018838e-05  -7.1150276100e-01
2.3500000000e+00   1.7268403045e-05  -7.1081135289e-01
2.3520000000e+00   1.7234885764e-05  -7.1012128744e-01
2.3540000000e+00   1.7201466747e-05  -7.0943256072e-01
2.3560000000e+00   1.7168145794e-05  -7.0874516880e-01
2.3580000000e+00   1.7134922768e-05  -7.0805910775e-01
2.3600000000e+00   1.7101797623e-05  -7.0737437367e-01
2.3620000000e+00   1.7068770448e-05  -7.0669096264e-01
2.3640000000e+00   1.7035841537e-05  -7.0600887073e-01
2.3660000000e+00   1.7003011503e-05  -7.0532809400e-01
2.3680000000e+00   1.6970281480e-05  -7.0464862847e-01
2.3700000000e+00   1.6937653488e-05  -7.0397047012e-01
2.3720000000e+00   1.6905131142e-05  -7.0329361479e-01
2.3740000000e+00   1.6872721124e-05  -7.0261805814e-01
2.3760000000e+00   1.6840436512e-05  -7.0194379544e-01
2.3780000000e+00   1.6808305271e-05  -7.0127082119e-01
2.3800000000e+00   1.6776395502e-05  -7.0059912811e-01
2.3820000000e+00   1.6744909609e-05  -6.9992870410e-01
2.3840000000e+00   1.6714691013e-05  -6.9925951973e-01
2.3860000000e+00   1.6693073431e-05  -6.9859143638e-01
2.3880000000e+00   1.9527518515e-05  -6.9793222335e-01
2.3900000000e+00   1.6626678896e-05  -6.9726056806e-01
2.3920000000e+00   1.6587232776e-05  -6.9659634032e-01
2.3940000000e+00   1.6554146464e-05  -6.9593351906e-01
2.3960000000e+00   1.6522136877e-05  -6.9527199524e-01
2.3980000000e+00   1.6490509376e-05  -6.9461174318e-01
2.4000000000e+00   1.6459087834e-05  -6.9395275179e-01
2.4020000000e+00   1.6427810804e-05  -6.9329501424e-01
2.4040000000e+00   1.6396652182e-05  -6.9263852535e-01
2.4060000000e+00   1.6365599241e-05  -6.9198328066e-01
2.4080000000e+00   1.6334645088e-05  -6.9132927610e-01
2.4100000000e+00   1.6303785657e-05  -6.9067650779e-01
2.4120000000e+00   1.6273018361e-05  -6.9002497202e-01
2.4140000000e+00   1.6242341447e-05  -6.8937466512e-01
2.4160000000e+00   1.6211753651e-05  -6.8872558351e-01
2.4180000000e+00   1.6181254011e-05  -6.8807772365e-01
2.4200000000e+00   1.6150841757e-05  -6.8743108203e-01
2.4220000000e+00   1.6120516252e-05  -6.8678565516e-01
2.4240000000e+00   1.6090276942e-05  -6.8614143958e-01
2.4260000000e+00   1.6060123337e-05  -6.8549843186e-01
2.4280000000e+00   1.6030054992e-05  -6.8485662858e-01
2.4300000000e+00   1.6000071494e-05  -6.8421602633e-01
2.4320000000e+00   1.5970172455e-05  -6.8357662173e-01
2.4340000000e+00   1.5940357509e-05  -6.8293841142e-01
2.4360000000e+00   1.5910626306e-05  -6.8230139202e-01
2.4380000000e+00   1.5880978512e-05  -6.8166556020e-01
2.4400000000e+00   1.5851413811e-05  -6.8103091263e-01
2.4420000000e+00   1.5821931900e-05  -6.8039744599e-01
2.4440000000e+00   1.5792532505e-05  -6.7976515698e-01
2.4460000000e+00   1.5763215380e-05  -6.7913404230e-01
2.4480000000e+00   1.5733980333e-05  -6.7850409866e-01
2.4500000000e+00   1.5704827262e-05  -6.7787532278e-01
2.4520000000e+00   1.5675756237e-05  -6.7724771138e-01
2.4540000000e+00   1.5646767685e-05  -6.7662126118e-01
2.4560000000e+00   1.5617862881e-05  -6.7599596885e-01
2.4580000000e+00   1.5589045440e-05  -6.7537183099e-01
2.4600000000e+00   1.5560327136e-05  -6.7474884391e-01
2.4620000000e+00   1.5531761726e-05  -6.7412700287e-01
2.4640000000e+00   1.5503924965e-05  -6.7350629528e-01
2.4660000000e+00   1.5487681431e-05  -6.7288688699e-01
2.4680000000e+00   1.5446434398e-05  -6.7226838593e-01
2.4700000000e+00   1.5417794693e-05  -6.7165110326e-01
2.4720000000e+00   1.5389451199e-05  -6.7103495884e-01
2.4740000000e+00   1.5361224970e-05  -6.7041994564e-01
2.4760000000e+00   1.5333088628e-05  -6.6980605965e-01
2.4780000000e+00   1.5305034601e-05  -6.6919329745e-01
2.4800000000e+00   1.5277059982e-05  -6.6858165582e-01
2.4820000000e+00   1.5249163358e-05  -6.6797113161e-01
2.4840000000e+00   1.5221343895e-05  -6.6736172173e-01
2.4860000000e+00   1.5193601017e-05  -6.6675342308e-01
2.4880000000e+00   1.5165934276e-05  -6.6614623263e-01
2.4900000000e+00   1.5138343291e-05  -6.6554014733e-01
2.4920000000e+00   1.5110827721e-05  -6.6493516416e-01
2.4940000000e+00   1.5083387248e-05  -6.6433128011e-01
2.4960000000e+00   1.5056021571e-05  -6.6372849219e-01
2.4980000000e+00   1.5028730396e-05  -6.6312679740e-01
2.5000000000e+00   1.5001513439e-05  -6.6252619277e-01
2.5020000000e+00   1.4974370420e-05  -6.6192667534e-01
2.5040000000e+00   1.4947301064e-05  -6.6132824215e-01
2.5060000000e+00   1.4920305098e-05  -6.6073089027e-01
2.5080000000e+00   1.4893382253e-05  -6.6013461677e-01
2.5100000000e+00   1.4866532261e-05  -6.5953941872e-01
2.5120000000e+00   1.4839754858e-05  -6.5894529322e-01
2.5140000000e+00   1.4813049780e-05  -6.5835223737e-01
2.5160000000e+00   1.4786416766e-05  -6.5776024828e-01
2.5180000000e+00   1.4759855557e-05  -6.5716932307e-01
2.5200000000e+00   1.4733365893e-05  -6.5657945888e-01
2.5220000000e+00   1.4706947519e-05  -6.5599065285e-01
2.5240000000e+00   1.4680600180e-05  -6.5540290214e-01
2.5260000000e+00   1.4654323623e-05  -6.5481620390e-01
2.5280000000e+00   1.4628117595e-05  -6.5423055531e-01
2.5300000000e+00   1.4601981846e-05  -6.5364595355e-01
2.5320000000e+00   1.4575916130e-05  -6.5306239583e-01
2.5340000000e+00   1.4549920198e-05  -6.5247987933e-01
2.5360000000e+00   1.4523993807e-05  -6.5189840128e-01
2.5380000000e+00   1.4498136713e-05  -6.5131795890e-01
2.5400000000e+00   1.4472348678e-05  -6.5073854943e-01
2.5420000000e+00   1.4446629464e-05  -6.5016017009e-01
2.5440000000e+00   1.4420978836e-05  -6.4958281816e-01
2.5460000000e+00   1.4395396565e-05  -6.4900649088e-01
2.5480000000e+00   1.4369882424e-05  -6.4843118552e-01
2.5500000000e+00   1.4344436194e-05  -6.4785689938e-01
2.5520000000e+00   1.4319057662e-05  -6.4728362973e-01
2.5540000000e+00   1.4293746625e-05  -6.4671137387e-01
2.5560000000e+00   1.4268502893e-05  -6.4614012910e-01
2.5580000000e+00   1.4243326297e-05  -6.4556989274e-01
2.5600000000e+00   1.4218216690e-05  -6.4500066210e-01
2.5620000000e+00   1.4193173968e-05  -6.4443243451e-01
2.5640000000e+00   1.4168198086e-05  -6.4386520730e-01
2.5660000000e+00   1.4143289098e-05  -6.4329897778e-01
2.5680000000e+00   1.4118447215e-05  -6.4273374328e-01
2.5700000000e+00   1.4093672934e-05  -6.4216950110e-01
2.5720000000e+00   1.4068967274e-05  -6.4160624853e-01
2.5740000000e+00   1.4044332311e-05  -6.4104398278e-01
2.5760000000e+00   1.4019772453e-05  -6.4048270094e-01
2.5780000000e+00   1.3995297979e-05  -6.3992239985e-01
2.5800000000e+00   1.3970936867e-05  -6.3936307562e-01
2.5820000000e+00   1.3946787830e-05  -6.3880472220e-01
2.5840000000e+00   1.3923424578e-05  -6.3824732335e-01
2.5860000000e+00   1.3917595294e-05  -6.3769071581e-01
2.5880000000e+00   1.3880336498e-05  -6.3713575806e-01
2.5900000000e+00   1.3850385689e-05  -6.3658119534e-01
2.5920000000e+00   1.3825678035e-05  -6.3602767724e-01
2.5940000000e+00   1.3801476634e-05  -6.3547513496e-01
2.5960000000e+00   1.3777445071e-05  -6.3492355693e-01
2.5980000000e+00   1.3753514309e-05  -6.3437293803e-01
2.6000000000e+00   1.3729662793e-05  -6.3382327473e-01
2.6020000000e+00   1.3705881944e-05  -6.3327456406e-01
2.6040000000e+00   1.3682167723e-05  -6.3272680329e-01
2.6060000000e+00   1.3658517970e-05  -6.3217998979e-01
2.6080000000e+00   1.3634931393e-05  -6.3163412101e-01
2.6100000000e+00   1.3611407147e-05  -6.3108919445e-01
2.6120000000e+00   1.3587944625e-05  -6.3054520762e-01
2.6140000000e+00   1.3564543363e-05  -6.3000215806e-01
2.6160000000e+00   1.3541202982e-05  -6.2946004334e-01
2.6180000000e+00   1.3517923157e-05  -6.2891886101e-01
2.6200000000e+00   1.3494703596e-05  -6.2837860868e-01
2.6220000000e+00   1.3471544035e-05  -6.2783928393e-01
2.6240000000e+00   1.3448444225e-05  -6.2730088436e-01
2.6260000000e+00   1.3425403932e-05  -6.2676340760e-01
2.6280000000e+00   1.3402422933e-05  -6.2622685126e-01
2.6300000000e+00   1.3379501023e-05  -6.2569121298e-01
2.6320000000e+00   1.3356638025e-05  -6.2515649039e-01
2.6340000000e+00   1.3333833870e-05  -6.2462268115e-01
2.6360000000e+00   1.3311089156e-05  -6.2408978289e-01
2.6380000000e+00   1.3288423346e-05  -6.2355779308e-01
2.6400000000e+00   1.3265781852e-05  -6.2302671060e-01
2.6420000000e+00   1.3243198875e-05  -6.2249653128e-01
2.6440000000e+00   1.3220683324e-05  -6.2196725383e-01
2.6460000000e+00   1.3198225932e-05  -6.2143887584e-01
2.6480000000e+00   1.3175825920e-05  -6.2091139499e-01
2.6500000000e+00   1.3153482978e-05  -6.2038480901e-01
2.6520000000e+00   1.3131196875e-05  -6.1985911560e-01
2.6540000000e+00   1.3108967403e-05  -6.1933431250e-01
2.6560000000e+00   1.3086794362e-05  -6.1881039745e-01
2.6580000000e+00   1.3064677557e-05  -6.1828736820e-01
2.6600000000e+00   1.3042616795e-05  -6.1776522250e-01
2.6620000000e+00   1.3020611886e-05  -6.1724395812e-01
2.6640000000e+00   1.2998662638e-05  -6.1672357281e-01
2.6660000000e+00   1.2976768864e-05  -6.1620406437e-01
2.6680000000e+00   1.2954930375e-05  -6.1568543057e-01
2.6700000000e+00   1.2933146984e-05  -6.1516766920e-01
2.6720000000e+00   1.2911418507e-05  -6.1465077808e-01
2.6740000000e+00   1.2889744757e-05  -6.1413475499e-01
2.6760000000e+00   1.2868125551e-05  -6.1361959777e-01
2.6780000000e+00   1.2846560705e-05  -6.1310530422e-01
2.6800000000e+00   1.2825050037e-05  -6.1259187219e-01
2.6820000000e+00   1.2803593365e-05  -6.1207929950e-01
2.6840000000e+00   1.2782190508e-05  -6.1156758400e-01
2.6860000000e+00   1.2760841286e-05  -6.1105672355e-01
2.6880000000e+00   1.2739545520e-05  -6.1054671599e-01
2.6900000000e+00   1.2718303031e-05  -6.1003755920e-01
2.6920000000e+00   1.2697113641e-05  -6.0952925104e-01
2.6940000000e+00   1.2675977174e-05  -6.0902178940e-01
2.6960000000e+00   1.2654893452e-05  -6.0851517216e-01
2.6980000000e+00   1.2633862301e-05  -6.0800939722e-01
2.7000000000e+00   1.2612883546e-05  -6.0750446248e-01
2.7020000000e+00   1.2591957012e-05  -6.0700036584e-01
2.7040000000e+00   1.2571082527e-05  -6.0649710523e-01
2.7060000000e+00   1.2550259918e-05  -6.0599467855e-01
2.7080000000e+00   1.2529489012e-05  -6.0549308374e-01
2.7100000000e+00   1.2508769639e-05  -6.0499231874e-01
2.7120000000e+00   1.2488101629e-05  -6.0449238149e-01
2.7140000000e+00   1.2467484812e-05  -6.0399326993e-01
2.7160000000e+00   1.2446919019e-05  -6.0349498203e-01
2.7180000000e+00   1.2426404084e-05  -6.0299751573e-01
2.7200000000e+00   1.2405939842e-05  -6.0250086902e-01
2.7220000000e+00   1.2385526143e-05  -6.0200503987e-01
2.7240000000e+00   1.2365162995e-05  -6.0151002626e-01
2.7260000000e+00   1.2344854821e-05  -6.0101582623e-01
2.7280000000e+00   1.2324586488e-05  -6.0052243765e-01
2.7300000000e+00   1.2304373087e-05  -6.0002985862e-01
2.7320000000e+00   1.2284209457e-05  -5.9953808714e-01
2.7340000000e+00   1.2264095373e-05  -5.9904712121e-01
2.7360000000e+00   1.2244030664e-05  -5.9855695885e-01
2.7380000000e+00   1.2224015166e-05  -5.9806759810e-01
2.7400000000e+00   1.2204048718e-05  -5.9757903698e-01
2.7420000000e+00   1.2184131159e-05  -5.9709127355e-01
2.7440000000e+00   1.2164262330e-05  -5.9660430584e-01
2.7460000000e+00   1.2144442070e-05  -5.9611813192e-01
2.7480000000e+00   1.2124670223e-05  -5.9563274983e-01
2.7500000000e+00   1.2104946630e-05  -5.9514815765e-01
2.7520000000e+00   1.2085271135e-05  -5.9466435346e-01
2.7540000000e+00   1.2065643580e-05  -5.9418133533e-01
2.7560000000e+00   1.2046063811e-05  -5.9369910134e-01
2.7580000000e+00   1.2026531673e-05  -5.9321764959e-01
2.7600000000e+00   1.2007047010e-05  -5.9273697817e-01
2.7620000000e+00   1.1987609669e-05  -5.9225708520e-01
2.7640000000e+00   1.1968219498e-05  -5.9177796877e-01
2.7660000000e+00   1.1948876343e-05  -5.9129962701e-01
2.7680000000e+00   1.1929580052e-05  -5.9082205804e-01
2.7700000000e+00   1.1910330475e-05  -5.9034525998e-01
2.7720000000e+00   1.1891127460e-05  -5.8986923098e-01
2.7740000000e+00   1.1871970858e-05  -5.8939396917e-01
2.7760000000e+00   1.1852860518e-05  -5.8891947269e-01
2.7780000000e+00   1.1833796293e-05  -5.8844573971e-01
2.7800000000e+00   1.1814778033e-05  -5.8797276838e-01
2.7820000000e+00   1.1795805592e-05  -5.8750055686e-01
2.7840000000e+00   1.1776878821e-05  -5.8702910332e-01
2.7860000000e+00   1.1757997575e-05  -5.8655840595e-01
2.7880000000e+00   1.1739161707e-05  -5.8608846291e-01
2.7900000000e+00   1.1720371073e-05  -5.8561927241e-01
2.7920000000e+00   1.1701625526e-05  -5.8515083263e-01
2.7940000000e+00   1.1682924925e-05  -5.8468314177e-01
2.7960000000e+00   1.1664269124e-05  -5.8421619804e-01
2.7980000000e+00   1.1645657980e-05  -5.8374999964e-01
2.8000000000e+00   1.1627091353e-05  -5.8328454480e-01
2.8020000000e+00   1.1608569097e-05  -5.8281983174e-01
2.8040000000e+00   1.1590091074e-05  -5.8235585869e-01
2.8060000000e+00   1.1571657142e-05  -5.8189262387e-01
2.8080000000e+00   1.1553267161e-05  -5.8143012553e-01
2.8100000000e+00   1.1534920991e-05  -5.8096836191e-01
2.8120000000e+00   1.1516618494e-05  -5.8050733127e-01
2.8140000000e+00   1.1498359531e-05  -5.8004703185e-01
2.8160000000e+00   1.1480143963e-05  -5.7958746193e-01
2.8180000000e+00   1.1461971654e-05  -5.7912861976e-01
2.8200000000e+00   1.1443842466e-05  -5.7867050362e-01
2.8220000000e+00   1.1425756263e-05  -5.7821311179e-01
2.8240000000e+00   1.1407712910e-05  -5.7775644255e-01
2.8260000000e+00   1.1389712270e-05  -5.7730049419e-01
2.8280000000e+00   1.1371754210e-05  -5.7684526500e-01
2.8300000000e+00   1.1353838594e-05  -5.7639075329e-01
2.8320000000e+00   1.1335965290e-05  -5.7593695735e-01
2.8340000000e+00   1.1318134165e-05  -5.7548387550e-01
2.8360000000e+00   1.1300345084e-05  -5.7503150606e-01
2.8380000000e+00   1.1282597917e-05  -5.7457984734e-01
2.8400000000e+00   1.1264892532e-05  -5.7412889767e-01
2.8420000000e+00   1.1247228798e-05  -5.7367865538e-01
2.8440000000e+00   1.1229606584e-05  -5.7322911881e-01
2.8460000000e+00   1.1212025762e-05  -5.7278028630e-01
2.8480000000e+00   1.1194486197e-05  -5.7233215620e-01
2.8500000000e+00   1.1176987765e-05  -5.7188472686e-01
2.8520000000e+00   1.1159530336e-05  -5.7143799663e-01
2.8540000000e+00   1.1142113782e-05  -5.7099196389e-01
2.8560000000e+00   1.1124737976e-05  -5.7054662699e-01
2.8580000000e+00   1.1107402790e-05  -5.7010198431e-01
2.8600000000e+00   1.1090108098e-05  -5.6965803423e-01
2.8620000000e+00   1.1072853773e-05  -5.6921477512e-01
2.8640000000e+00   1.1055639691e-05  -5.6877220539e-01
2.8660000000e+00   1.1038465727e-05  -5.6833032341e-01
2.8680000000e+00   1.1021331754e-05  -5.6788912760e-01
2.8700000000e+00   1.1004237651e-05  -5.6744861634e-01
2.8720000000e+00   1.0987183292e-05  -5.6700878806e-01
2.8740000000e+00   1.0970168555e-05  -5.6656964115e-01
2.8760000000e+00   1.0953193317e-05  -5.6613117404e-01
2.8780000000e+00   1.0936257455e-05  -5.6569338516e-01
2.8800000000e+00   1.0919360849e-05  -5.6525627293e-01
2.8820000000e+00   1.0902503377e-05  -5.6481983577e-01
2.8840000000e+00   1.0885684918e-05  -5.6438407214e-01
2.8860000000e+00   1.0868905352e-05  -5.6394898046e-01
2.8880000000e+00   1.0852164559e-05  -5.6351455919e-01
2.8900000000e+00   1.0835462420e-05  -5.6308080678e-01
2.8920000000e+00   1.0818798815e-05  -5.6264772168e-01
2.8940000000e+00   1.0802173626e-05  -5.6221530236e-01
2.8960000000e+00   1.0785586736e-05  -5.6178354728e-01
2.8980000000e+00   1.0769038026e-05  -5.6135245492e-01
2.9000000000e+00   1.0752527379e-05  -5.6092202373e-01
2.9020000000e+00   1.0736054680e-05  -5.6049225222e-01
2.9040000000e+00   1.0719619811e-05  -5.6006313886e-01
2.9060000000e+00   1.0703222657e-05  -5.5963468213e-01
2.9080000000e+00   1.0686863102e-05  -5.5920688054e-01
2.9100000000e+00   1.0670541032e-05  -5.5877973259e-01
2.9120000000e+00   1.0654256332e-05  -5.5835323676e-01
2.9140000000e+00   1.0638008888e-05  -5.5792739158e-01
2.9160000000e+00   1.0621798587e-05  -5.5750219556e-01
2.9180000000e+00   1.0605625316e-05  -5.5707764720e-01
2.9200000000e+00   1.0589488961e-05  -5.5665374504e-01
2.9220000000e+00   1.0573389410e-05  -5.5623048760e-01
2.9240000000e+00   1.0557326552e-05  -5.5580787340e-01
2.9260000000e+00   1.0541300275e-05  -5.5538590098e-01
2.9280000000e+00   1.0525310468e-05  -5.5496456889e-01
2.9300000000e+00   1.0509357021e-05  -5.5454387566e-01
2.9320000000e+00   1.0493439823e-05  -5.5412381985e-01
2.9340000000e+00   1.0477558765e-05  -5.5370439999e-01
2.9360000000e+00   1.0461713736e-05  -5.5328561467e-01
2.9380000000e+00   1.0445904630e-05  -5.5286746242e-01
2.9400000000e+00   1.0430131336e-05  -5.5244994182e-01
2.9420000000e+00   1.0414393746e-05  -5.5203305144e-01
2.9440000000e+00   1.0398691754e-05  -5.5161678984e-01
2.9460000000e+00   1.0383025251e-05  -5.5120115562e-01
2.9480000000e+00   1.0367394131e-05  -5.5078614735e-01
2.9500000000e+00   1.0351798288e-05  -5.5037176362e-01
2.9520000000e+00   1.0336237615e-05  -5.4995800302e-01
2.9540000000e+00   1.0320712006e-05  -5.4954486415e-01
2.9560000000e+00   1.0305221356e-05  -5.4913234559e-01
2.9580000000e+00   1.0289765561e-05  -5.4872044597e-01
2.9600000000e+00   1.0274344516e-05  -5.4830916389e-01
2.9620000000e+00   1.0258958116e-05  -5.4789849795e-01
2.9640000000e+00   1.0243606259e-05  -5.4748844678e-01
2.9660000000e+00   1.0228288840e-05  -5.4707900899e-01
2.9680000000e+00   1.0213005757e-05  -5.4667018321e-01
2.9700000000e+00   1.0197756907e-05  -5.4626196807e-01
2.9720000000e+00   1.0182542188e-05  -5.4585436221e-01
2.9740000000e+00   1.0167361498e-05  -5.4544736425e-01
2.9760000000e+00   1.0152214736e-05  -5.4504097283e-01
2.9780000000e+00   1.0137101801e-05  -5.4463518662e-01
2.9800000000e+00   1.0122022592e-05  -5.4423000424e-01
2.9820000000e+00   1.0106977008e-05  -5.4382542436e-01
2.9840000000e+00   1.0091964951e-05  -5.4342144563e-01
2.9860000000e+00   1.0076986319e-05  -5.4301806672e-01
2.9880000000e+00   1.0062041015e-05  -5.4261528628e-01
2.9900000000e+00   1.0047128939e-05  -5.4221310300e-01
2.9920000000e+00   1.0032249993e-05  -5.4181151553e-01
2.9940000000e+00   1.0017404079e-05  -5.4141052256e-01
2.9960000000e+00   1.0002591099e-05  -5.4101012276e-01
2.9980000000e+00   9.9878109554e-06  -5.4061031483e-01
3.0000000000e+00   9.9730635516e-06  -5.4021109745e-01
# sum response = 1.2715692613e+03
