0.0000000000e+00   9.0171481525e-01  4.9415908811e+00
2.0000000000e-03   9.1537233570e-01  4.9743099133e+00
4.0000000000e-03   9.2935529975e-01  5.0074226004e+00
6.0000000000e-03   9.4367439909e-01  5.0409342253e+00
8.0000000000e-03   9.5834097103e-01  5.0748499650e+00
1.0000000000e-02   9.7336704657e-01  5.1091748031e+00
1.2000000000e-02   9.8876538622e-01  5.1439134240e+00
1.4000000000e-02   1.0045494994e+00  5.1790700934e+00
1.6000000000e-02   1.0207336440e+00  5.2146485251e+00
1.8000000000e-02   1.0373328023e+00  5.2506517408e+00
2.0000000000e-02   1.0543626339e+00  5.2870819233e+00
2.2000000000e-02   1.0718394011e+00  5.3239402700e+00
2.4000000000e-02   1.0897798705e+00  5.3612268490e+00
2.6000000000e-02   1.1082011875e+00  5.3989404602e+00
2.8000000000e-02   1.1271207272e+00  5.4370785049e+00
3.0000000000e-02   1.1465559191e+00  5.4756368651e+00
3.2000000000e-02   1.1665240461e+00  5.5146097953e+00
3.4000000000e-02   1.1870420162e+00  5.5539898267e+00
3.6000000000e-02   1.2081261046e+00  5.5937676896e+00
3.8000000000e-02   1.2297916626e+00  5.6339322557e+00
4.0000000000e-02   1.2520527908e+00  5.6744705072e+00
4.2000000000e-02   1.2749219742e+00  5.7153675407e+00
4.4000000000e-02   1.2984096748e+00  5.7566066165e+00
4.6000000000e-02   1.3225238849e+00  5.7981692651e+00
4.8000000000e-02   1.3472696411e+00  5.8400354678e+00
5.0000000000e-02   1.3726485056e+00  5.8821839280e+00
5.2000000000e-02   1.3986580280e+00  5.9245924530e+00
5.4000000000e-02   1.4252912023e+00  5.9672384644e+00
5.6000000000e-02   1.4525359457e+00  6.0100996574e+00
5.8000000000e-02   1.4803746313e+00  6.0531548230e+00
6.0000000000e-02   1.5087837149e+00  6.0963848425e+00
6.2000000000e-02   1.5377335064e+00  6.1397738549e+00
6.4000000000e-02   1.5671881383e+00  6.1833105847e+00
6.6000000000e-02   1.5971057927e+00  6.2269898014e+00
6.8000000000e-02   1.6274392413e+00  6.2708138622e+00
7.0000000000e-02   1.6581367498e+00  6.3147942700e+00
7.2000000000e-02   1.6891433803e+00  6.3589531557e+00
7.4000000000e-02   1.7204027019e+00  6.4033245769e+00
7.6000000000e-02   1.7518588900e+00  6.4479555144e+00
7.8000000000e-02   1.7834591535e+00  6.4929064453e+00
8.0000000000e-02   1.8151563926e+00  6.5382513842e+00
8.2000000000e-02   1.8469119465e+00  6.5840773108e+00
8.4000000000e-02   1.8786982658e+00  6.6304829436e+00
8.6000000000e-02   1.9105013238e+00  6.6775768721e+00
8.8000000000e-02   1.9423225888e+00  6.7254751197e+00
9.0000000000e-02   1.9741803994e+00  6.7742982650e+00
9.2000000000e-02   2.0061106337e+00  6.8241682980e+00
9.4000000000e-02   2.0381666189e+00  6.8752054150e+00
9.6000000000e-02   2.0704182980e+00  6.9275249641e+00
9.8000000000e-02   2.1029507305e+00  6.9812347375e+00
1.0000000000e-01   2.1358620632e+00  7.0364327646e+00
1.0200000000e-01   2.1692611391e+00  7.0932057147e+00
1.0400000000e-01   2.2032649308e+00  7.1516279524e+00
1.0600000000e-01   2.2379959777e+00  7.2117612345e+00
1.0800000000e-01   2.2735799867e+00  7.2736549898e+00
1.1000000000e-01   2.3101437177e+00  7.3373470823e+00
1.1200000000e-01   2.3478132393e+00  7.4028649436e+00
1.1400000000e-01   2.3867125959e+00  7.4702269492e+00
1.1600000000e-01   2.4269628941e+00  7.5394439222e+00
1.1800000000e-01   2.4686817859e+00  7.6105206613e+00
1.2000000000e-01   2.5119833068e+00  7.6834574100e+00
1.2200000000e-01   2.5569780127e+00  7.7582512051e+00
1.2400000000e-01   2.6037733583e+00  7.8348970652e+00
1.2600000000e-01   2.6524742564e+00  7.9133889956e+00
1.2800000000e-01   2.7031837652e+00  7.9937208047e+00
1.3000000000e-01   2.7560038569e+00  8.0758867357e+00
1.3200000000e-01   2.8110362314e+00  8.1598819263e+00
1.3400000000e-01   2.8683831446e+00  8.2457027150e+00
1.3600000000e-01   2.9281482315e+00  8.3333468114e+00
1.3800000000e-01   2.9904373125e+00  8.4228133523e+00
1.4000000000e-01   3.0553591724e+00  8.5141028599e+00
1.4200000000e-01   3.1230263132e+00  8.6072171177e+00
1.4400000000e-01   3.1935556782e+00  8.7021589780e+00
1.4600000000e-01   3.2670693526e+00  8.7989321100e+00
1.4800000000e-01   3.3436952433e+00  8.8975406955e+00
1.5000000000e-01   3.4235677449e+00  8.9979890768e+00
1.5200000000e-01   3.5068283943e+00  9.1002813590e+00
1.5400000000e-01   3.5936265217e+00  9.2044209670e+00
1.5600000000e-01   3.6841199015e+00  9.3104101547e+00
1.5800000000e-01   3.7784754063e+00  9.4182494643e+00
1.6000000000e-01   3.8768696697e+00  9.5279371315e+00
1.6200000000e-01   3.9794897595e+00  9.6394684287e+00
1.6400000000e-01   4.0865338642e+00  9.7528349427e+00
1.6600000000e-01   4.1982119938e+00  9.8680237753e+00
1.6800000000e-01   4.3147466969e+00  9.9850166597e+00
1.7000000000e-01   4.4363737923e+00  1.0103788981e+01
1.7200000000e-01   4.5633431160e+00  1.0224308690e+01
1.7400000000e-01   4.6959192784e+00  1.0346535094e+01
1.7600000000e-01   4.8343824301e+00  1.0470417511e+01
1.7800000000e-01   4.9790290299e+00  1.0595893777e+01
1.8000000000e-01   5.1301726049e+00  1.0722888572e+01
1.8200000000e-01   5.2881444959e+00  1.0851311566e+01
1.8400000000e-01   5.4532945710e+00  1.0981055345e+01
1.8600000000e-01   5.6259918925e+00  1.1111993102e+01
1.8800000000e-01   5.8066253133e+00  1.1243976068e+01
1.9000000000e-01   5.9956039787e+00  1.1376830654e+01
1.9200000000e-01   6.1933576983e+00  1.1510355275e+01
1.9400000000e-01   6.4003371486e+00  1.1644316833e+01
1.9600000000e-01   6.6170138589e+00  1.1778446820e+01
1.9800000000e-01   6.8438799208e+00  1.1912437020e+01
2.0000000000e-01   7.0814473524e+00  1.2045934781e+01
2.0200000000e-01   7.3302470342e+00  1.2178537831e+01
2.0400000000e-01   7.5908271210e+00  1.2309788629e+01
2.0600000000e-01   7.8637508137e+00  1.2439168222e+01
2.0800000000e-01   8.1495933618e+00  1.2566089633e+01
2.1000000000e-01   8.4489381427e+00  1.2689890788e+01
2.1200000000e-01   8.7623716482e+00  1.2809827011e+01
2.1400000000e-01   9.0904771830e+00  1.2925063184e+01
2.1600000000e-01   9.4338270642e+00  1.3034665647e+01
2.1800000000e-01   9.7929730877e+00  1.3137594019e+01
2.2000000000e-01   1.0168435021e+01  1.3232693129e+01
2.2200000000e-01   1.0560686872e+01  1.3318685356e+01
2.2400000000e-01   1.0970140684e+01  1.3394163729e+01
2.2600000000e-01   1.1397127656e+01  1.3457586270e+01
2.2800000000e-01   1.1841876391e+01  1.3507272128e+01
2.3000000000e-01   1.2304488196e+01  1.3541400226e+01
2.3200000000e-01   1.2784909456e+01  1.3558011216e+01
2.3400000000e-01   1.3282901251e+01  1.3555013697e+01
2.3600000000e-01   1.3798006646e+01  1.3530195729e+01
2.3800000000e-01   1.4329516327e+01  1.3481242762e+01
2.4000000000e-01   1.4876433632e+01  1.3405763080e+01
2.4200000000e-01   1.5437440402e+01  1.3301321828e+01
2.4400000000e-01   1.6010865559e+01  1.3165484434e+01
2.4600000000e-01   1.6594658749e+01  1.2995869928e+01
2.4800000000e-01   1.7186371823e+01  1.2790214100e+01
2.5000000000e-01   1.7783151273e+01  1.2546441700e+01
2.5200000000e-01   1.8381744868e+01  1.2262745950e+01
2.5400000000e-01   1.8978525605e+01  1.1937672515e+01
2.5600000000e-01   1.9569535595e+01  1.1570203921e+01
2.5800000000e-01   2.0150551549e+01  1.1159839202e+01
2.6000000000e-01   2.0717172081e+01  1.0706662675e+01
2.6200000000e-01   2.1264925177e+01  1.0211395152e+01
2.6400000000e-01   2.1789391930e+01  9.6754210461e+00
2.6600000000e-01   2.2286340365e+01  9.1007856700e+00
2.6800000000e-01   2.2751861004e+01  8.4901588474e+00
2.7000000000e-01   2.3182494310e+01  7.8467635314e+00
2.7200000000e-01   2.3575339485e+01  7.1742714000e+00
2.7400000000e-01   2.3928134633e+01  6.4766709114e+00
2.7600000000e-01   2.4239300173e+01  5.7581166378e+00
2.7800000000e-01   2.4507940337e+01  5.0227713161e+00
2.8000000000e-01   2.4733801571e+01  4.2746535292e+00
2.8200000000e-01   2.4917190873e+01  3.5175039669e+00
2.8400000000e-01   2.5058861274e+01  2.7546817396e+00
2.8600000000e-01   2.5159875053e+01  1.9890993974e+00
2.8800000000e-01   2.5221457517e+01  1.2232015032e+00
2.9000000000e-01   2.5244855036e+01  4.5898729976e-01
2.9200000000e-01   2.5231210444e+01  -3.0192628853e-01
2.9400000000e-01   2.5181466973e+01  -1.0582088968e+00
2.9600000000e-01   2.5096308952e+01  -1.8086987596e+00
2.9800000000e-01   2.4976143824e+01  -2.5522749927e+00
3.0000000000e-01   2.4821126002e+01  -3.2877332290e+00
3.0200000000e-01   2.4631219096e+01  -4.0136771501e+00
3.0400000000e-01   2.4406289422e+01  -4.7284367086e+00
3.0600000000e-01   2.4146220800e+01  -5.4300210728e+00
3.0800000000e-01   2.3851038724e+01  -6.1161107906e+00
3.1000000000e-01   2.3521031309e+01  -6.7840897119e+00
3.1200000000e-01   2.3156855018e+01  -7.4311132299e+00
3.1400000000e-01   2.2759615052e+01  -8.0542058673e+00
3.1600000000e-01   2.2330913221e+01  -8.6503785502e+00
3.1800000000e-01   2.1872859699e+01  -9.2167544083e+00
3.2000000000e-01   2.1388048859e+01  -9.7506917595e+00
3.2200000000e-01   2.0879502897e+01  -1.0249894038e+01
3.2400000000e-01   2.0350589719e+01  -1.0712498572e+01
3.2600000000e-01   1.9804923322e+01  -1.1137138909e+01
3.2800000000e-01   1.9246255554e+01  -1.1522978446e+01
3.3000000000e-01   1.8678367748e+01  -1.1869715932e+01
3.3200000000e-01   1.8104969488e+01  -1.2177565767e+01
3.3400000000e-01   1.7529610030e+01  -1.2447217637e+01
3.3600000000e-01   1.6955605958e+01  -1.2679780884e+01
3.3800000000e-01   1.6385986716e+01  -1.2876719205e+01
3.4000000000e-01   1.5823458065e+01  -1.3039780875e+01
3.4200000000e-01   1.5270382187e+01  -1.3170928940e+01
3.4400000000e-01   1.4728772375e+01  -1.3272274879e+01
3.4600000000e-01   1.4200299688e+01  -1.3346018212e+01
3.4800000000e-01   1.3686308892e+01  -1.3394393594e+01
3.5000000000e-01   1.3187841030e+01  -1.3419626130e+01
3.5200000000e-01   1.2705660293e+01  -1.3423894994e+01
3.5400000000e-01   1.2240283157e+01  -1.3409304957e+01
3.5600000000e-01   1.1792008191e+01  -1.3377865122e+01
3.5800000000e-01   1.1360945304e+01  -1.3331473984e+01
3.6000000000e-01   1.0947043531e+01  -1.3271909844e+01
3.6200000000e-01   1.0550116801e+01  -1.3200825626e+01
3.6400000000e-01   1.0169867339e+01  -1.3119747181e+01
3.6600000000e-01   9.8059065796e+00  -1.3030074278e+01
3.6800000000e-01   9.4577736056e+00  -1.2933083555e+01
3.7000000000e-01   9.1249512353e+00  -1.2829932858e+01
3.7200000000e-01   8.8068799563e+00  -1.2721666471e+01
3.7400000000e-01   8.5029699450e+00  -1.2609220879e+01
3.7600000000e-01   8.2126114307e+00  -1.2493430785e+01
3.7800000000e-01   7.9351836570e+00  -1.2375035215e+01
3.8000000000e-01   7.6700626803e+00  -1.2254683598e+01
3.8200000000e-01   7.4166282055e+00  -1.2132941790e+01
3.8400000000e-01   7.1742696187e+00  -1.2010298056e+01
3.8600000000e-01   6.9423913279e+00  -1.1887169047e+01
3.8800000000e-01   6.7204174639e+00  -1.1763905822e+01
3.9000000000e-01   6.5077959537e+00  -1.1640799971e+01
3.9200000000e-01   6.3040019313e+00  -1.1518089847e+01
3.9400000000e-01   6.1085404309e+00  -1.1395966907e+01
3.9600000000e-01   5.9209482998e+00  -1.1274582089e+01
3.9800000000e-01   5.7407952801e+00  -1.1154052141e+01
4.0000000000e-01   5.5676842399e+00  -1.1034465761e+01
4.0200000000e-01   5.4012505750e+00  -1.0915889399e+01
4.0400000000e-01   5.2411608526e+00  -1.0798372575e+01
4.0600000000e-01   5.0871108110e+00  -1.0681952582e+01
4.0800000000e-01   4.9388228647e+00  -1.0566658473e+01
4.1000000000e-01   4.7960432880e+00  -1.0452514291e+01
4.1200000000e-01   4.6585392477e+00  -1.0339541525e+01
4.1400000000e-01   4.5260958493e+00  -1.0227760847e+01
4.1600000000e-01   4.3985133315e+00  -1.0117193206e+01
4.1800000000e-01   4.2756045120e+00  -1.0007860370e+01
4.2000000000e-01   4.1571925527e+00  -9.8997850492e+00
4.2200000000e-01   4.0431090750e+00  -9.7929907041e+00
4.2400000000e-01   3.9331926299e+00  -9.6875011430e+00
4.2600000000e-01   3.8272875011e+00  -9.5833400091e+00
4.2800000000e-01   3.7252428066e+00  -9.4805302222e+00
4.3000000000e-01   3.6269118551e+00  -9.3790934326e+00
4.3200000000e-01   3.5321517098e+00  -9.2790495216e+00
4.3400000000e-01   3.4408229150e+00  -9.1804161697e+00
4.3600000000e-01   3.3527893468e+00  -9.0832085024e+00
4.3800000000e-01   3.2679181530e+00  -8.9874388129e+00
4.4000000000e-01   3.1860797575e+00  -8.8931163562e+00
4.4200000000e-01   3.1071479090e+00  -8.8002472090e+00
4.4400000000e-01   3.0309997614e+00  -8.7088341836e+00
4.4600000000e-01   2.9575159778e+00  -8.6188767916e+00
4.4800000000e-01   2.8865808524e+00  -8.5303712500e+00
4.5000000000e-01   2.8180824474e+00  -8.4433105279e+00
4.5200000000e-01   2.7519127424e+00  -8.3576844336e+00
4.5400000000e-01   2.6879677914e+00  -8.2734797435e+00
4.5600000000e-01   2.6261478820e+00  -8.1906803754e+00
4.5800000000e-01   2.5663576882e+00  -8.1092676095e+00
4.6000000000e-01   2.5085064066e+00  -8.0292203560e+00
4.6200000000e-01   2.4525078635e+00  -7.9505154686e+00
4.6400000000e-01   2.3982805800e+00  -7.8731280967e+00
4.6600000000e-01   2.3457477851e+00  -7.7970320668e+00
4.6800000000e-01   2.2948373674e+00  -7.7222002795e+00
4.7000000000e-01   2.2454817621e+00  -7.6486051051e+00
4.7200000000e-01   2.1976177734e+00  -7.5762187613e+00
4.7400000000e-01   2.1511863388e+00  -7.5050136574e+00
4.7600000000e-01   2.1061322460e+00  -7.4349626903e+00
4.7800000000e-01   2.0624038162e+00  -7.3660394830e+00
4.8000000000e-01   2.0199525684e+00  -7.2982185620e+00
4.8200000000e-01   1.9787328817e+00  -7.2314754717e+00
4.8400000000e-01   1.9387016684e+00  -7.1657868318e+00
4.8600000000e-01   1.8998180703e+00  -7.1011303435e+00
4.8800000000e-01   1.8620431854e+00  -7.0374847557e+00
4.9000000000e-01   1.8253398305e+00  -6.9748298008e+00
4.9200000000e-01   1.7896723408e+00  -6.9131461100e+00
4.9400000000e-01   1.7550064064e+00  -6.8524151186e+00
4.9600000000e-01   1.7213089418e+00  -6.7926189677e+00
4.9800000000e-01   1.6885479848e+00  -6.7337404092e+00
5.0000000000e-01   1.6566926207e+00  -6.6757627184e+00
5.0200000000e-01   1.6257129251e+00  -6.6186696159e+00
5.0400000000e-01   1.5955799233e+00  -6.5624452012e+00
5.0600000000e-01   1.5662655598e+00  -6.5070738979e+00
5.0800000000e-01   1.5377426761e+00  -6.4525404102e+00
5.1000000000e-01   1.5099849934e+00  -6.3988296889e+00
5.1200000000e-01   1.4829670976e+00  -6.3459269076e+00
5.1400000000e-01   1.4566644260e+00  -6.2938174449e+00
5.1600000000e-01   1.4310532537e+00  -6.2424868743e+00
5.1800000000e-01   1.4061106796e+00  -6.1919209581e+00
5.2000000000e-01   1.3818146105e+00  -6.1421056456e+00
5.2200000000e-01   1.3581437451e+00  -6.0930270738e+00
5.2400000000e-01   1.3350775555e+00  -6.0446715706e+00
5.2600000000e-01   1.3125962683e+00  -5.9970256584e+00
5.2800000000e-01   1.2906808439e+00  -5.9500760594e+00
5.3000000000e-01   1.2693129553e+00  -5.9038097007e+00
5.3200000000e-01   1.2484749665e+00  -5.8582137193e+00
5.3400000000e-01   1.2281499093e+00  -5.8132754676e+00
5.3600000000e-01   1.2083214609e+00  -5.7689825176e+00
5.3800000000e-01   1.1889739208e+00  -5.7253226650e+00
5.4000000000e-01   1.1700921879e+00  -5.6822839335e+00
5.4200000000e-01   1.1516617375e+00  -5.6398545770e+00
5.4400000000e-01   1.1336685985e+00  -5.5980230829e+00
5.4600000000e-01   1.1160993315e+00  -5.5567781735e+00
5.4800000000e-01   1.0989410061e+00  -5.5161088079e+00
5.5000000000e-01   1.0821811797e+00  -5.4760041829e+00
5.5200000000e-01   1.0658078759e+00  -5.4364537335e+00
5.5400000000e-01   1.0498095634e+00  -5.3974471331e+00
5.5600000000e-01   1.0341751356e+00  -5.3589742933e+00
5.5800000000e-01   1.0188938899e+00  -5.3210253630e+00
5.6000000000e-01   1.0039555076e+00  -5.2835907277e+00
5.6200000000e-01   9.8935003410e-01  -5.2466610073e+00
5.6400000000e-01   9.7506785857e-01  -5.2102270548e+00
5.6600000000e-01   9.6109969447e-01  -5.1742799529e+00
5.6800000000e-01   9.4743655965e-01  -5.1388110109e+00
5.7000000000e-01   9.3406975662e-01  -5.1038117604e+00
5.7200000000e-01   9.2099085283e-01  -5.0692739498e+00
5.7400000000e-01   9.0819166109e-01  -5.0351895378e+00
5.7600000000e-01   8.9566422020e-01  -5.0015506854e+00
5.7800000000e-01   8.8340077607e-01  -4.9683497458e+00
5.8000000000e-01   8.7139376352e-01  -4.9355792532e+00
5.8200000000e-01   8.5963578921e-01  -4.9032319084e+00
5.8400000000e-01   8.4811961619e-01  -4.8713005634e+00
5.8600000000e-01   8.3683815064e-01  -4.8397782028e+00
5.8800000000e-01   8.2578443149e-01  -4.8086579236e+00
5.9000000000e-01   8.1495162360e-01  -4.7779329135e+00
5.9200000000e-01   8.0433301526e-01  -4.7475964273e+00
5.9400000000e-01   7.9392202063e-01  -4.7176417641e+00
5.9600000000e-01   7.8371218752e-01  -4.6880622444e+00
5.9800000000e-01   7.7369721070e-01  -4.6588511902e+00
6.0000000000e-01   7.6387095048e-01  -4.6300019081e+00
6.0200000000e-01   7.5422745590e-01  -4.6015076783e+00
6.0400000000e-01   7.4476099123e-01  -4.5733617500e+00
6.0600000000e-01   7.3546606412e-01  -4.5455573447e+00
6.0800000000e-01   7.2633745325e-01  -4.5180876672e+00
6.1000000000e-01   7.1737023320e-01  -4.4909459261e+00
6.1200000000e-01   7.0855979414e-01  -4.4641253606e+00
6.1400000000e-01   6.9990185435e-01  -4.4376192737e+00
6.1600000000e-01   6.9139246412e-01  -4.4114210692e+00
6.1800000000e-01   6.8302800011e-01  -4.3855242896e+00
6.2000000000e-01   6.7480515046e-01  -4.3599226525e+00
6.2200000000e-01   6.6672089138e-01  -4.3346100830e+00
6.2400000000e-01   6.5877245687e-01  -4.3095807401e+00
6.2600000000e-01   6.5095730377e-01  -4.2848290355e+00
6.2800000000e-01   6.4327307429e-01  -4.2603496440e+00
6.3000000000e-01   6.3571755845e-01  -4.2361375062e+00
6.3200000000e-01   6.2828865839e-01  -4.2121878233e+00
6.3400000000e-01   6.2098435612e-01  -4.1884960459e+00
6.3600000000e-01   6.1380268595e-01  -4.1650578580e+00
6.3800000000e-01   6.0674171194e-01  -4.1418691577e+00
6.4000000000e-01   5.9979951079e-01  -4.1189260360e+00
6.4200000000e-01   5.9297415964e-01  -4.0962247548e+00
6.4400000000e-01   5.8626372852e-01  -4.0737617267e+00
6.4600000000e-01   5.7966627658e-01  -4.0515334944e+00
6.4800000000e-01   5.7317985148e-01  -4.0295367137e+00
6.5000000000e-01   5.6680249108e-01  -4.0077681374e+00
6.5200000000e-01   5.6053222693e-01  -3.9862246023e+00
6.5400000000e-01   5.5436708872e-01  -3.9649030185e+00
6.5600000000e-01   5.4830510943e-01  -3.9438003600e+00
6.5800000000e-01   5.4234433053e-01  -3.9229136584e+00
6.6000000000e-01   5.3648280722e-01  -3.9022399976e+00
6.6200000000e-01   5.3071861316e-01  -3.8817765100e+00
6.6400000000e-01   5.2504984484e-01  -3.8615203741e+00
6.6600000000e-01   5.1947462535e-01  -3.8414688131e+00
6.6800000000e-01   5.1399110741e-01  -3.8216190942e+00
6.7000000000e-01   5.0859747593e-01  -3.8019685286e+00
6.7200000000e-01   5.0329194974e-01  -3.7825144718e+00
6.7400000000e-01   4.9807278281e-01  -3.7632543247e+00
6.7600000000e-01   4.9293826475e-01  -3.7441855346e+00
6.7800000000e-01   4.8788672075e-01  -3.7253055964e+00
6.8000000000e-01   4.8291651095e-01  -3.7066120539e+00
6.8200000000e-01   4.7802602919e-01  -3.6881025012e+00
6.8400000000e-01   4.7321370121e-01  -3.6697745842e+00
6.8600000000e-01   4.6847798225e-01  -3.6516260014e+00
6.8800000000e-01   4.6381735419e-01  -3.6336545054e+00
6.9000000000e-01   4.5923032197e-01  -3.6158579030e+00
6.9200000000e-01   4.5471540958e-01  -3.5982340561e+00
6.9400000000e-01   4.5027115545e-01  -3.5807808813e+00
6.9600000000e-01   4.4589610737e-01  -3.5634963489e+00
6.9800000000e-01   4.4158881687e-01  -3.5463784817e+00
7.0000000000e-01   4.3734783330e-01  -3.5294253519e+00
7.0200000000e-01   4.3317169771e-01  -3.5126350782e+00
7.0400000000e-01   4.2905893657e-01  -3.4960058200e+00
7.0600000000e-01   4.2500805577e-01  -3.4795357716e+00
7.0800000000e-01   4.2101753517e-01  -3.4632231540e+00
7.1000000000e-01   4.1708582401e-01  -3.4470662048e+00
7.1200000000e-01   4.1321133779e-01  -3.4310631675e+00
7.1400000000e-01   4.0939245696e-01  -3.4152122785e+00
7.1600000000e-01   4.0562752821e-01  -3.3995117525e+00
7.1800000000e-01   4.0191486866e-01  -3.3839597686e+00
7.2000000000e-01   3.9825277351e-01  -3.3685544547e+00
7.2200000000e-01   3.9463952742e-01  -3.3532938741e+00
7.2400000000e-01   3.9107341971e-01  -3.3381760127e+00
7.2600000000e-01   3.8755276309e-01  -3.3231987701e+00
7.2800000000e-01   3.8407591539e-01  -3.3083599543e+00
7.3000000000e-01   3.8064130326e-01  -3.2936572815e+00
7.3200000000e-01   3.7724744653e-01  -3.2790883820e+00
7.3400000000e-01   3.7389298168e-01  -3.2646508112e+00
7.3600000000e-01   3.7057668267e-01  -3.2503420680e+00
7.3800000000e-01   3.6729747745e-01  -3.2361596171e+00
7.4000000000e-01   3.6405445877e-01  -3.2221009159e+00
7.4200000000e-01   3.6084688840e-01  -3.2081634433e+00
7.4400000000e-01   3.5767419416e-01  -3.1943447291e+00
7.4600000000e-01   3.5453596011e-01  -3.1806423817e+00
7.4800000000e-01   3.5143191071e-01  -3.1670541120e+00
7.5000000000e-01   3.4836189014e-01  -3.1535777535e+00
7.5200000000e-01   3.4532583841e-01  -3.1402112752e+00
7.5400000000e-01   3.4232376605e-01  -3.1269527899e+00
7.5600000000e-01   3.3935572892e-01  -3.1138005558e+00
7.5800000000e-01   3.3642180459e-01  -3.1007529727e+00
7.6000000000e-01   3.3352207147e-01  -3.0878085741e+00
7.6200000000e-01   3.3065659128e-01  -3.0749660159e+00
7.6400000000e-01   3.2782539529e-01  -3.0622240631e+00
7.6600000000e-01   3.2502847432e-01  -3.0495815750e+00
7.6800000000e-01   3.2226577232e-01  -3.0370374904e+00
7.7000000000e-01   3.1953718308e-01  -3.0245908133e+00
7.7200000000e-01   3.1684254954e-01  -3.0122405999e+00
7.7400000000e-01   3.1418166526e-01  -2.9999859465e+00
7.7600000000e-01   3.1155427738e-01  -2.9878259794e+00
7.7800000000e-01   3.0896009072e-01  -2.9757598465e+00
7.8000000000e-01   3.0639877250e-01  -2.9637867100e+00
7.8200000000e-01   3.0386995739e-01  -2.9519057411e+00
7.8400000000e-01   3.0137325261e-01  -2.9401161161e+00
7.8600000000e-01   2.9890824290e-01  -2.9284170126e+00
7.8800000000e-01   2.9647449514e-01  -2.9168076083e+00
7.9000000000e-01   2.9407156270e-01  -2.9052870791e+00
7.9200000000e-01   2.9169898927e-01  -2.8938545988e+00
7.9400000000e-01   2.8935631229e-01  -2.8825093388e+00
7.9600000000e-01   2.8704306598e-01  -2.8712504684e+00
7.9800000000e-01   2.8475878387e-01  -2.8600771551e+00
8.0000000000e-01   2.8250300102e-01  -2.8489885654e+00
8.0200000000e-01   2.8027525586e-01  -2.8379838657e+00
8.0400000000e-01   2.7807509168e-01  -2.8270622230e+00
8.0600000000e-01   2.7590205791e-01  -2.8162228058e+00
8.0800000000e-01   2.7375571109e-01  -2.8054647850e+00
8.1000000000e-01   2.7163561566e-01  -2.7947873350e+00
8.1200000000e-01   2.6954134461e-01  -2.7841896342e+00
8.1400000000e-01   2.6747247988e-01  -2.7736708659e+00
8.1600000000e-01   2.6542861270e-01  -2.7632302193e+00
8.1800000000e-01   2.6340934386e-01  -2.7528668899e+00
8.2000000000e-01   2.6141428376e-01  -2.7425800804e+00
8.2200000000e-01   2.5944305251e-01  -2.7323690010e+00
8.2400000000e-01   2.5749527991e-01  -2.7222328705e+00
8.2600000000e-01   2.5557060539e-01  -2.7121709164e+00
8.2800000000e-01   2.5366867786e-01  -2.7021823754e+00
8.3000000000e-01   2.5178915557e-01  -2.6922664942e+00
8.3200000000e-01   2.4993170593e-01  -2.6824225298e+00
8.3400000000e-01   2.4809600525e-01  -2.6726497500e+00
8.3600000000e-01   2.4628173845e-01  -2.6629474338e+00
8.3800000000e-01   2.4448859879e-01  -2.6533148717e+00
8.4000000000e-01   2.4271628744e-01  -2.6437513666e+00
8.4200000000e-01   2.4096451311e-01  -2.6342562338e+00
8.4400000000e-01   2.3923299157e-01  -2.6248288014e+00
8.4600000000e-01   2.3752144510e-01  -2.6154684113e+00
8.4800000000e-01   2.3582960184e-01  -2.6061744191e+00
8.5000000000e-01   2.3415719512e-01  -2.5969461947e+00
8.5200000000e-01   2.3250396262e-01  -2.5877831228e+00
8.5400000000e-01   2.3086964541e-01  -2.5786846033e+00
8.5600000000e-01   2.2925398691e-01  -2.5696500515e+00
8.5800000000e-01   2.2765673162e-01  -2.5606788988e+00
8.6000000000e-01   2.2607762377e-01  -2.5517705922e+00
8.6200000000e-01   2.2451640571e-01  -2.5429245951e+00
8.6400000000e-01   2.2297281622e-01  -2.5341403868e+00
8.6600000000e-01   2.2144658850e-01  -2.5254174621e+00
8.6800000000e-01   2.1993744815e-01  -2.5167553309e+00
8.7000000000e-01   2.1844511091e-01  -2.5081535173e+00
8.7200000000e-01   2.1696928031e-01  -2.4996115576e+00
8.7400000000e-01   2.1550964534e-01  -2.4911289992e+00
8.7600000000e-01   2.1406587814e-01  -2.4827053975e+00
8.7800000000e-01   2.1263763189e-01  -2.4743403129e+00
8.8000000000e-01   2.1122453905e-01  -2.4660333071e+00
8.8200000000e-01   2.0982621017e-01  -2.4577839386e+00
8.8400000000e-01   2.0844223332e-01  -2.4495917576e+00
8.8600000000e-01   2.0707217466e-01  -2.4414563002e+00
8.8800000000e-01   2.0571558005e-01  -2.4333770824e+00
8.9000000000e-01   2.0437197810e-01  -2.4253535944e+00
8.9200000000e-01   2.0304088478e-01  -2.4173852941e+00
8.9400000000e-01   2.0172180953e-01  -2.4094716024e+00
8.9600000000e-01   2.0041426297e-01  -2.4016118991e+00
8.9800000000e-01   1.9911776582e-01  -2.3938055199e+00
9.0000000000e-01   1.9783185885e-01  -2.3860517566e+00
9.0200000000e-01   1.9655611315e-01  -2.3783498583e+00
9.0400000000e-01   1.9529014027e-01  -2.3706990362e+00
9.0600000000e-01   1.9403360141e-01  -2.3630984703e+00
9.0800000000e-01   1.9278621489e-01  -2.3555473185e+00
9.1000000000e-01   1.9154776154e-01  -2.3480447273e+00
9.1200000000e-01   1.9031808726e-01  -2.3405898442e+00
9.1400000000e-01   1.8909710267e-01  -2.3331818298e+00
9.1600000000e-01   1.8788477992e-01  -2.3258198694e+00
9.1800000000e-01   1.8668114675e-01  -2.3185031840e+00
9.2000000000e-01   1.8548627851e-01  -2.3112310391e+00
9.2200000000e-01   1.8430028863e-01  -2.3040027507e+00
9.2400000000e-01   1.8312331831e-01  -2.2968176892e+00
9.2600000000e-01   1.8195552607e-01  -2.2896752815e+00
9.2800000000e-01   1.8079707787e-01  -2.2825750092e+00
9.3000000000e-01   1.7964813824e-01  -2.2755164066e+00
9.3200000000e-01   1.7850886274e-01  -2.2684990558e+00
9.3400000000e-01   1.7737939193e-01  -2.2615225817e+00
9.3600000000e-01   1.7625984700e-01  -2.2545866460e+00
9.3800000000e-01   1.7515032679e-01  -2.2476909411e+00
9.4000000000e-01   1.7405090626e-01  -2.2408351841e+00
9.4200000000e-01   1.7296163602e-01  -2.2340191117e+00
9.4400000000e-01   1.7188254288e-01  -2.2272424747e+00
9.4600000000e-01   1.7081363097e-01  -2.2205050336e+00
9.4800000000e-01   1.6975488350e-01  -2.2138065558e+00
9.5000000000e-01   1.6870626468e-01  -2.2071468114e+00
9.5200000000e-01   1.6766772196e-01  -2.2005255721e+00
9.5400000000e-01   1.6663918814e-01  -2.1939426083e+00
9.5600000000e-01   1.6562058359e-01  -2.1873976886e+00
9.5800000000e-01   1.6461181826e-01  -2.1808905785e+00
9.6000000000e-01   1.6361279360e-01  -2.1744210400e+00
9.6200000000e-01   1.6262340421e-01  -2.1679888313e+00
9.6400000000e-01   1.6164353946e-01  -2.1615937068e+00
9.6600000000e-01   1.6067308477e-01  -2.1552354172e+00
9.6800000000e-01   1.5971192282e-01  -2.1489137096e+00
9.7000000000e-01   1.5875993453e-01  -2.1426283280e+00
9.7200000000e-01   1.5781699992e-01  -2.1363790137e+00
9.7400000000e-01   1.5688299882e-01  -2.1301655054e+00
9.7600000000e-01   1.5595781146e-01  -2.1239875400e+00
9.7800000000e-01   1.5504131898e-01  -2.1178448526e+00
9.8000000000e-01   1.5413340376e-01  -2.1117371773e+00
9.8200000000e-01   1.5323394984e-01  -2.1056642473e+00
9.8400000000e-01   1.5234284305e-01  -2.0996257956e+00
9.8600000000e-01   1.5145997130e-01  -2.0936215548e+00
9.8800000000e-01   1.5058522466e-01  -2.0876512579e+00
9.9000000000e-01   1.4971849552e-01  -2.0817146384e+00
9.9200000000e-01   1.4885967860e-01  -2.0758114307e+00
9.9400000000e-01   1.4800867106e-01  -2.0699413700e+00
9.9600000000e-01   1.4716537248e-01  -2.0641041931e+00
9.9800000000e-01   1.4632968491e-01  -2.0582996381e+00
1.0000000000e+00   1.4550151281e-01  -2.0525274446e+00
1.0020000000e+00   1.4468076312e-01  -2.0467873543e+00
1.0040000000e+00   1.4386734513e-01  -2.0410791108e+00
1.0060000000e+00   1.4306117054e-01  -2.0354024598e+00
1.0080000000e+00   1.4226215338e-01  -2.0297571494e+00
1.0100000000e+00   1.4147020998e-01  -2.0241429299e+00
1.0120000000e+00   1.4068525891e-01  -2.0185595543e+00
1.0140000000e+00   1.3990722096e-01  -2.0130067782e+00
1.0160000000e+00   1.3913601904e-01  -2.0074843600e+00
1.0180000000e+00   1.3837157820e-01  -2.0019920609e+00
1.0200000000e+00   1.3761382546e-01  -1.9965296452e+00
1.0220000000e+00   1.3686268985e-01  -1.9910968802e+00
1.0240000000e+00   1.3611810225e-01  -1.9856935366e+00
1.0260000000e+00   1.3537999534e-01  -1.9803193884e+00
1.0280000000e+00   1.3464830349e-01  -1.9749742130e+00
1.0300000000e+00   1.3392296265e-01  -1.9696577916e+00
1.0320000000e+00   1.3320391021e-01  -1.9643699092e+00
1.0340000000e+00   1.3249108486e-01  -1.9591103545e+00
1.0360000000e+00   1.3178442638e-01  -1.9538789206e+00
1.0380000000e+00   1.3108387545e-01  -1.9486754046e+00
1.0400000000e+00   1.3038937339e-01  -1.9434996082e+00
1.0420000000e+00   1.2970086190e-01  -1.9383513375e+00
1.0440000000e+00   1.2901828267e-01  -1.9332304034e+00
1.0460000000e+00   1.2834157704e-01  -1.9281366217e+00
1.0480000000e+00   1.2767068550e-01  -1.9230698130e+00
1.0500000000e+00   1.2700554724e-01  -1.9180298029e+00
1.0520000000e+00   1.2634609953e-01  -1.9130164220e+00
1.0540000000e+00   1.2569227707e-01  -1.9080295060e+00
1.0560000000e+00   1.2504401131e-01  -1.9030688953e+00
1.0580000000e+00   1.2440122965e-01  -1.8981344345e+00
1.0600000000e+00   1.2376385464e-01  -1.8932259728e+00
1.0620000000e+00   1.2313180313e-01  -1.8883433624e+00
1.0640000000e+00   1.2250498544e-01  -1.8834864585e+00
1.0660000000e+00   1.2188330457e-01  -1.8786551179e+00
1.0680000000e+00   1.2126665549e-01  -1.8738491978e+00
1.0700000000e+00   1.2065492459e-01  -1.8690685544e+00
1.0720000000e+00   1.2004798937e-01  -1.8643130410e+00
1.0740000000e+00   1.1944571847e-01  -1.8595825062e+00
1.0760000000e+00   1.1884797200e-01  -1.8548767915e+00
1.0780000000e+00   1.1825460246e-01  -1.8501957294e+00
1.0800000000e+00   1.1766545611e-01  -1.8455391412e+00
1.0820000000e+00   1.1708037496e-01  -1.8409068344e+00
1.0840000000e+00   1.1649919929e-01  -1.8362986017e+00
1.0860000000e+00   1.1592177077e-01  -1.8317142193e+00
1.0880000000e+00   1.1534793592e-01  -1.8271534465e+00
1.0900000000e+00   1.1477754990e-01  -1.8226160259e+00
1.0920000000e+00   1.1421048031e-01  -1.8181016843e+00
1.0940000000e+00   1.1364661078e-01  -1.8136101353e+00
1.0960000000e+00   1.1308584413e-01  -1.8091410816e+00
1.0980000000e+00   1.1252810480e-01  -1.8046942190e+00
1.1000000000e+00   1.1197334036e-01  -1.8002692409e+00
1.1020000000e+00   1.1142152198e-01  -1.7958658423e+00
1.1040000000e+00   1.1087264381e-01  -1.7914837247e+00
1.1060000000e+00   1.1032672133e-01  -1.7871226001e+00
1.1080000000e+00   1.0978378880e-01  -1.7827821947e+00
1.1100000000e+00   1.0924389603e-01  -1.7784622517e+00
1.1120000000e+00   1.0870710472e-01  -1.7741625333e+00
1.1140000000e+00   1.0817348461e-01  -1.7698828217e+00
1.1160000000e+00   1.0764310971e-01  -1.7656229192e+00
1.1180000000e+00   1.0711605487e-01  -1.7613826475e+00
1.1200000000e+00   1.0659239269e-01  -1.7571618465e+00
1.1220000000e+00   1.0607219105e-01  -1.7529603725e+00
1.1240000000e+00   1.0555551115e-01  -1.7487780958e+00
1.1260000000e+00   1.0504240619e-01  -1.7446148993e+00
1.1280000000e+00   1.0453292053e-01  -1.7404706754e+00
1.1300000000e+00   1.0402708931e-01  -1.7363453244e+00
1.1320000000e+00   1.0352493850e-01  -1.7322387524e+00
1.1340000000e+00   1.0302648522e-01  -1.7281508696e+00
1.1360000000e+00   1.0253173824e-01  -1.7240815890e+00
1.1380000000e+00   1.0204069872e-01  -1.7200308247e+00
1.1400000000e+00   1.0155336097e-01  -1.7159984916e+00
1.1420000000e+00   1.0106971325e-01  -1.7119845042e+00
1.1440000000e+00   1.0058973861e-01  -1.7079887760e+00
1.1460000000e+00   1.0011341566e-01  -1.7040112194e+00
1.1480000000e+00   9.9640719286e-02  -1.7000517453e+00
1.1500000000e+00   9.9171621363e-02  -1.6961102627e+00
1.1520000000e+00   9.8706091341e-02  -1.6921866793e+00
1.1540000000e+00   9.8244096788e-02  -1.6882809008e+00
1.1560000000e+00   9.7785603869e-02  -1.6843928315e+00
1.1580000000e+00   9.7330577750e-02  -1.6805223741e+00
1.1600000000e+00   9.6878982952e-02  -1.6766694299e+00
1.1620000000e+00   9.6430783647e-02  -1.6728338992e+00
1.1640000000e+00   9.5985943909e-02  -1.6690156810e+00
1.1660000000e+00   9.5544427920e-02  -1.6652146737e+00
1.1680000000e+00   9.5106200142e-02  -1.6614307747e+00
1.1700000000e+00   9.4671225457e-02  -1.6576638809e+00
1.1720000000e+00   9.4239469281e-02  -1.6539138889e+00
1.1740000000e+00   9.3810897653e-02  -1.6501806950e+00
1.1760000000e+00   9.3385477307e-02  -1.6464641952e+00
1.1780000000e+00   9.2963175729e-02  -1.6427642857e+00
1.1800000000e+00   9.2543961196e-02  -1.6390808626e+00
1.1820000000e+00   9.2127802815e-02  -1.6354138223e+00
1.1840000000e+00   9.1714670539e-02  -1.6317630615e+00
1.1860000000e+00   9.1304535190e-02  -1.6281284772e+00
1.1880000000e+00   9.0897368465e-02  -1.6245099671e+00
1.1900000000e+00   9.0493142947e-02  -1.6209074293e+00
1.1920000000e+00   9.0091832105e-02  -1.6173207625e+00
1.1940000000e+00   8.9693410293e-02  -1.6137498662e+00
1.1960000000e+00   8.9297852754e-02  -1.6101946408e+00
1.1980000000e+00   8.8905135607e-02  -1.6066549873e+00
1.2000000000e+00   8.8515235846e-02  -1.6031308080e+00
1.2020000000e+00   8.8128131330e-02  -1.5996220058e+00
1.2040000000e+00   8.7743800772e-02  -1.5961284850e+00
1.2060000000e+00   8.7362223727e-02  -1.5926501508e+00
1.2080000000e+00   8.6983380571e-02  -1.5891869100e+00
1.2100000000e+00   8.6607252484e-02  -1.5857386703e+00
1.2120000000e+00   8.6233821425e-02  -1.5823053410e+00
1.2140000000e+00   8.5863070097e-02  -1.5788868330e+00
1.2160000000e+00   8.5494981909e-02  -1.5754830586e+00
1.2180000000e+00   8.5129540929e-02  -1.5720939318e+00
1.2200000000e+00   8.4766731819e-02  -1.5687193687e+00
1.2220000000e+00   8.4406539767e-02  -1.5653592870e+00
1.2240000000e+00   8.4048950390e-02  -1.5620136065e+00
1.2260000000e+00   8.3693949627e-02  -1.5586822494e+00
1.2280000000e+00   8.3341523602e-02  -1.5553651401e+00
1.2300000000e+00   8.2991658466e-02  -1.5520622054e+00
1.2320000000e+00   8.2644340194e-02  -1.5487733749e+00
1.2340000000e+00   8.2299554365e-02  -1.5454985807e+00
1.2360000000e+00   8.1957285878e-02  -1.5422377579e+00
1.2380000000e+00   8.1617518642e-02  -1.5389908448e+00
1.2400000000e+00   8.1280235195e-02  -1.5357577826e+00
1.2420000000e+00   8.0945416288e-02  -1.5325385155e+00
1.2440000000e+00   8.0613040394e-02  -1.5293329912e+00
1.2460000000e+00   8.0283083168e-02  -1.5261411602e+00
1.2480000000e+00   7.9955516849e-02  -1.5229629763e+00
1.2500000000e+00   7.9630309612e-02  -1.5197983957e+00
1.2520000000e+00   7.9307424881e-02  -1.5166473772e+00
1.2540000000e+00   7.8986820622e-02  -1.5135098814e+00
1.2560000000e+00   7.8668448645e-02  -1.5103858701e+00
1.2580000000e+00   7.8352253939e-02  -1.5072753055e+00
1.2600000000e+00   7.8038174101e-02  -1.5041781488e+00
1.2620000000e+00   7.7726138897e-02  -1.5010943595e+00
1.2640000000e+00   7.7416070033e-02  -1.4980238931e+00
1.2660000000e+00   7.7107881197e-02  -1.4949667002e+00
1.2680000000e+00   7.6801478440e-02  -1.4919227242e+00
1.2700000000e+00   7.6496760971e-02  -1.4888918996e+00
1.2720000000e+00   7.6193622418e-02  -1.4858741498e+00
1.2740000000e+00   7.5891952574e-02  -1.4828693861e+00
1.2760000000e+00   7.5591639640e-02  -1.4798775053e+00
1.2780000000e+00   7.5292572904e-02  -1.4768983898e+00
1.2800000000e+00   7.4994645774e-02  -1.4739319061e+00
1.2820000000e+00   7.4697759016e-02  -1.4709779059e+00
1.2840000000e+00   7.4401824010e-02  -1.4680362268e+00
1.2860000000e+00   7.4106765807e-02  -1.4651066941e+00
1.2880000000e+00   7.3812525775e-02  -1.4621891236e+00
1.2900000000e+00   7.3519063604e-02  -1.4592833246e+00
1.2920000000e+00   7.3226358523e-02  -1.4563891040e+00
1.2940000000e+00   7.2934409605e-02  -1.4535062695e+00
1.2960000000e+00   7.2643235155e-02  -1.4506346341e+00
1.2980000000e+00   7.2352871210e-02  -1.4477740195e+00
1.3000000000e+00   7.2063369298e-02  -1.4449242587e+00
1.3020000000e+00   7.1774793636e-02  -1.4420851990e+00
1.3040000000e+00   7.1487217970e-02  -1.4392567033e+00
1.3060000000e+00   7.1200722304e-02  -1.4364386506e+00
1.3080000000e+00   7.0915389709e-02  -1.4336309367e+00
1.3100000000e+00   7.0631303387e-02  -1.4308334729e+00
1.3120000000e+00   7.0348544128e-02  -1.4280461854e+00
1.3140000000e+00   7.0067188224e-02  -1.4252690133e+00
1.3160000000e+00   6.9787305881e-02  -1.4225019074e+00
1.3180000000e+00   6.9508960117e-02  -1.4197448275e+00
1.3200000000e+00   6.9232206105e-02  -1.4169977413e+00
1.3220000000e+00   6.8957090908e-02  -1.4142606221e+00
1.3240000000e+00   6.8683653534e-02  -1.4115334477e+00
1.3260000000e+00   6.8411925238e-02  -1.4088161982e+00
1.3280000000e+00   6.8141930007e-02  -1.4061088556e+00
1.3300000000e+00   6.7873685169e-02  -1.4034114021e+00
1.3320000000e+00   6.7607202065e-02  -1.4007238199e+00
1.3340000000e+00   6.7342486754e-02  -1.3980460901e+00
1.3360000000e+00   6.7079540713e-02  -1.3953781924e+00
1.3380000000e+00   6.6818361509e-02  -1.3927201049e+00
1.3400000000e+00   6.6558943429e-02  -1.3900718040e+00
1.3420000000e+00   6.6301278058e-02  -1.3874332638e+00
1.3440000000e+00   6.6045354797e-02  -1.3848044565e+00
1.3460000000e+00   6.5791161328e-02  -1.3821853526e+00
1.3480000000e+00   6.5538684019e-02  -1.3795759204e+00
1.3500000000e+00   6.5287908270e-02  -1.3769761265e+00
1.3520000000e+00   6.5038818819e-02  -1.3743859361e+00
1.3540000000e+00   6.4791399997e-02  -1.3718053125e+00
1.3560000000e+00   6.4545635939e-02  -1.3692342179e+00
1.3580000000e+00   6.4301510770e-02  -1.3666726134e+00
1.3600000000e+00   6.4059008751e-02  -1.3641204588e+00
1.3620000000e+00   6.3818114402e-02  -1.3615777131e+00
1.3640000000e+00   6.3578812600e-02  -1.3590443346e+00
1.3660000000e+00   6.3341088664e-02  -1.3565202810e+00
1.3680000000e+00   6.3104928414e-02  -1.3540055095e+00
1.3700000000e+00   6.2870318226e-02  -1.3514999768e+00
1.3720000000e+00   6.2637245067e-02  -1.3490036397e+00
1.3740000000e+00   6.2405696525e-02  -1.3465164544e+00
1.3760000000e+00   6.2175660831e-02  -1.3440383776e+00
1.3780000000e+00   6.1947126869e-02  -1.3415693658e+00
1.3800000000e+00   6.1720084185e-02  -1.3391093758e+00
1.3820000000e+00   6.1494522985e-02  -1.3366583648e+00
1.3840000000e+00   6.1270434134e-02  -1.3342162901e+00
1.3860000000e+00   6.1047809135e-02  -1.3317831100e+00
1.3880000000e+00   6.0826640122e-02  -1.3293587830e+00
1.3900000000e+00   6.0606919826e-02  -1.3269432686e+00
1.3920000000e+00   6.0388641547e-02  -1.3245365271e+00
1.3940000000e+00   6.0171799110e-02  -1.3221385197e+00
1.3960000000e+00   5.9956386810e-02  -1.3197492087e+00
1.3980000000e+00   5.9742399350e-02  -1.3173685576e+00
1.4000000000e+00   5.9529831755e-02  -1.3149965313e+00
1.4020000000e+00   5.9318679276e-02  -1.3126330961e+00
1.4040000000e+00   5.9108937269e-02  -1.3102782199e+00
1.4060000000e+00   5.8900601052e-02  -1.3079318722e+00
1.4080000000e+00   5.8693665730e-02  -1.3055940246e+00
1.4100000000e+00   5.8488125994e-02  -1.3032646506e+00
1.4120000000e+00   5.8283975877e-02  -1.3009437258e+00
1.4140000000e+00   5.8081208475e-02  -1.2986312279e+00
1.4160000000e+00   5.7879815622e-02  -1.2963271372e+00
1.4180000000e+00   5.7679787513e-02  -1.2940314360e+00
1.4200000000e+00   5.7481112289e-02  -1.2917441093e+00
1.4220000000e+00   5.7283775557e-02  -1.2894651441e+00
1.4240000000e+00   5.7087759878e-02  -1.2871945300e+00
1.4260000000e+00   5.6893044200e-02  -1.2849322581e+00
1.4280000000e+00   5.6699603272e-02  -1.2826783217e+00
1.4300000000e+00   5.6507407036e-02  -1.2804327150e+00
1.4320000000e+00   5.6316420031e-02  -1.2781954328e+00
1.4340000000e+00   5.6126600832e-02  -1.2759664700e+00
1.4360000000e+00   5.5937901577e-02  -1.2737458202e+00
1.4380000000e+00   5.5750267611e-02  -1.2715334749e+00
1.4400000000e+00   5.5563637319e-02  -1.2693294221e+00
1.4420000000e+00   5.5377942199e-02  -1.2671336448e+00
1.4440000000e+00   5.5193107232e-02  -1.2649461194e+00
1.4460000000e+00   5.5009051621e-02  -1.2627668142e+00
1.4480000000e+00   5.4825689917e-02  -1.2605956878e+00
1.4500000000e+00   5.4642933577e-02  -1.2584326876e+00
1.4520000000e+00   5.4460692934e-02  -1.2562777487e+00
1.4540000000e+00   5.4278879535e-02  -1.2541307930e+00
1.4560000000e+00   5.4097408765e-02  -1.2519917291e+00
1.4580000000e+00   5.3916202623e-02  -1.2498604526e+00
1.4600000000e+00   5.3735192491e-02  -1.2477368468e+00
1.4620000000e+00   5.3554321711e-02  -1.2456207849e+00
1.4640000000e+00   5.3373547771e-02  -1.2435121319e+00
1.4660000000e+00   5.3192843931e-02  -1.2414107475e+00
1.4680000000e+00   5.3012200155e-02  -1.2393164894e+00
1.4700000000e+00   5.2831623261e-02  -1.2372292167e+00
1.4720000000e+00   5.2651136282e-02  -1.2351487930e+00
1.4740000000e+00   5.2470777087e-02  -1.2330750892e+00
1.4760000000e+00   5.2290596389e-02  -1.2310079865e+00
1.4780000000e+00   5.2110655288e-02  -1.2289473781e+00
1.4800000000e+00   5.1931022555e-02  -1.2268931704e+00
1.4820000000e+00   5.1751771831e-02  -1.2248452835e+00
1.4840000000e+00   5.1572978923e-02  -1.2228036514e+00
1.4860000000e+00   5.1394719337e-02  -1.2207682214e+00
1.4880000000e+00   5.1217066159e-02  -1.2187389528e+00
1.4900000000e+00   5.1040088329e-02  -1.2167158157e+00
1.4920000000e+00   5.0863849346e-02  -1.2146987896e+00
1.4940000000e+00   5.0688406379e-02  -1.2126878616e+00
1.4960000000e+00   5.0513809757e-02  -1.2106830246e+00
1.4980000000e+00   5.0340102784e-02  -1.2086842765e+00
1.5000000000e+00   5.0167321815e-02  -1.2066916181e+00
1.5020000000e+00   4.9995496541e-02  -1.2047050521e+00
1.5040000000e+00   4.9824650419e-02  -1.2027245826e+00
1.5060000000e+00   4.9654801196e-02  -1.2007502133e+00
1.5080000000e+00   4.9485961492e-02  -1.1987819477e+00
1.5100000000e+00   4.9318139396e-02  -1.1968197882e+00
1.5120000000e+00   4.9151339061e-02  -1.1948637358e+00
1.5140000000e+00   4.8985561270e-02  -1.1929137898e+00
1.5160000000e+00   4.8820803965e-02  -1.1909699477e+00
1.5180000000e+00   4.8657062729e-02  -1.1890322051e+00
1.5200000000e+00   4.8494331220e-02  -1.1871005557e+00
1.5220000000e+00   4.8332601555e-02  -1.1851749914e+00
1.5240000000e+00   4.8171864644e-02  -1.1832555022e+00
1.5260000000e+00   4.8012110479e-02  -1.1813420764e+00
1.5280000000e+00   4.7853328383e-02  -1.1794347007e+00
1.5300000000e+00   4.7695507212e-02  -1.1775333605e+00
1.5320000000e+00   4.7538635537e-02  -1.1756380395e+00
1.5340000000e+00   4.7382701783e-02  -1.1737487203e+00
1.5360000000e+00   4.7227694351e-02  -1.1718653845e+00
1.5380000000e+00   4.7073601710e-02  -1.1699880126e+00
1.5400000000e+00   4.6920412479e-02  -1.1681165842e+00
1.5420000000e+00   4.6768115487e-02  -1.1662510780e+00
1.5440000000e+00   4.6616699818e-02  -1.1643914722e+00
1.5460000000e+00   4.6466154851e-02  -1.1625377443e+00
1.5480000000e+00   4.6316470285e-02  -1.1606898711e+00
1.5500000000e+00   4.6167636162e-02  -1.1588478294e+00
1.5520000000e+00   4.6019642877e-02  -1.1570115951e+00
1.5540000000e+00   4.5872481189e-02  -1.1551811442e+00
1.5560000000e+00   4.5726142227e-02  -1.1533564521e+00
1.5580000000e+00   4.5580617492e-02  -1.1515374942e+00
1.5600000000e+00   4.5435898855e-02  -1.1497242458e+00
1.5620000000e+00   4.5291978557e-02  -1.1479166818e+00
1.5640000000e+00   4.5148849205e-02  -1.1461147773e+00
1.5660000000e+00   4.5006503770e-02  -1.1443185072e+00
1.5680000000e+00   4.4864935580e-02  -1.1425278465e+00
1.5700000000e+00   4.4724138318e-02  -1.1407427701e+00
1.5720000000e+00   4.4584106018e-02  -1.1389632530e+00
1.5740000000e+00   4.4444833055e-02  -1.1371892705e+00
1.5760000000e+00   4.4306314150e-02  -1.1354207976e+00
1.5780000000e+00   4.4168544356e-02  -1.1336578098e+00
1.5800000000e+00   4.4031519061e-02  -1.1319002825e+00
1.5820000000e+00   4.3895233982e-02  -1.1301481916e+00
1.5840000000e+00   4.3759685162e-02  -1.1284015128e+00
1.5860000000e+00   4.3624868964e-02  -1.1266602224e+00
1.5880000000e+00   4.3490782071e-02  -1.1249242968e+00
1.5900000000e+00   4.3357421481e-02  -1.1231937128e+00
1.5920000000e+00   4.3224784501e-02  -1.1214684474e+00
1.5940000000e+00   4.3092868743e-02  -1.1197484781e+00
1.5960000000e+00   4.2961672117e-02  -1.1180337827e+00
1.5980000000e+00   4.2831192824e-02  -1.1163243395e+00
1.6000000000e+00   4.2701429342e-02  -1.1146201273e+00
1.6020000000e+00   4.2572380418e-02  -1.1129211252e+00
1.6040000000e+00   4.2444045044e-02  -1.1112273133e+00
1.6060000000e+00   4.2316422443e-02  -1.1095386719e+00
1.6080000000e+00   4.2189512036e-02  -1.1078551822e+00
1.6100000000e+00   4.2063313408e-02  -1.1061768262e+00
1.6120000000e+00   4.1937826270e-02  -1.1045035866e+00
1.6140000000e+00   4.1813050401e-02  -1.1028354469e+00
1.6160000000e+00   4.1688985587e-02  -1.1011723918e+00
1.6180000000e+00   4.1565631542e-02  -1.0995144066e+00
1.6200000000e+00   4.1442987813e-02  -1.0978614783e+00
1.6220000000e+00   4.1321053666e-02  -1.0962135944e+00
1.6240000000e+00   4.1199827958e-02  -1.0945707442e+00
1.6260000000e+00   4.1079308969e-02  -1.0929329180e+00
1.6280000000e+00   4.0959494230e-02  -1.0913001075e+00
1.6300000000e+00   4.0840380301e-02  -1.0896723059e+00
1.6320000000e+00   4.0721962538e-02  -1.0880495076e+00
1.6340000000e+00   4.0604234814e-02  -1.0864317086e+00
1.6360000000e+00   4.0487189224e-02  -1.0848189062e+00
1.6380000000e+00   4.0370815755e-02  -1.0832110987e+00
1.6400000000e+00   4.0255101936e-02  -1.0816082858e+00
1.6420000000e+00   4.0140032480e-02  -1.0800104678e+00
1.6440000000e+00   4.0025588917e-02  -1.0784176455e+00
1.6460000000e+00   3.9911749251e-02  -1.0768298197e+00
1.6480000000e+00   3.9798487655e-02  -1.0752469909e+00
1.6500000000e+00   3.9685774227e-02  -1.0736691584e+00
1.6520000000e+00   3.9573574845e-02  -1.0720963196e+00
1.6540000000e+00   3.9461851162e-02  -1.0705284691e+00
1.6560000000e+00   3.9350560758e-02  -1.0689655980e+00
1.6580000000e+00   3.9239657506e-02  -1.0674076928e+00
1.6600000000e+00   3.9129092169e-02  -1.0658547343e+00
1.6620000000e+00   3.9018813246e-02  -1.0643066969e+00
1.6640000000e+00   3.8908768077e-02  -1.0627635476e+00
1.6660000000e+00   3.8798904183e-02  -1.0612252459e+00
1.6680000000e+00   3.8689170791e-02  -1.0596917429e+00
1.6700000000e+00   3.8579520493e-02  -1.0581629817e+00
1.6720000000e+00   3.8469910933e-02  -1.0566388979e+00
1.6740000000e+00   3.8360306410e-02  -1.0551194205e+00
1.6760000000e+00   3.8250679304e-02  -1.0536044727e+00
1.6780000000e+00   3.8141011185e-02  -1.0520939742e+00
1.6800000000e+00   3.8031293531e-02  -1.0505878425e+00
1.6820000000e+00   3.7921527994e-02  -1.0490859954e+00
1.6840000000e+00   3.7811726178e-02  -1.0475883525e+00
1.6860000000e+00   3.7701908965e-02  -1.0460948372e+00
1.6880000000e+00   3.7592105428e-02  -1.0446053787e+00
1.6900000000e+00   3.7482351443e-02  -1.0431199127e+00
1.6920000000e+00   3.7372688088e-02  -1.0416383831e+00
1.6940000000e+00   3.7263159959e-02  -1.0401607415e+00
1.6960000000e+00   3.7153813504e-02  -1.0386869482e+00
1.6980000000e+00   3.7044695481e-02  -1.0372169716e+00
1.7000000000e+00   3.6935851596e-02  -1.0357507873e+00
1.7020000000e+00   3.6827325372e-02  -1.0342883781e+00
1.7040000000e+00   3.6719157278e-02  -1.0328297324e+00
1.7060000000e+00   3.6611384108e-02  -1.0313748438e+00
1.7080000000e+00   3.6504038592e-02  -1.0299237096e+00
1.7100000000e+00   3.6397149220e-02  -1.0284763302e+00
1.7120000000e+00   3.6290740238e-02  -1.0270327082e+00
1.7140000000e+00   3.6184831776e-02  -1.0255928478e+00
1.7160000000e+00   3.6079440085e-02  -1.0241567536e+00
1.7180000000e+00   3.5974577828e-02  -1.0227244306e+00
1.7200000000e+00   3.5870254431e-02  -1.0212958836e+00
1.7220000000e+00   3.5766476436e-02  -1.0198711169e+00
1.7240000000e+00   3.5663247864e-02  -1.0184501338e+00
1.7260000000e+00   3.5560570563e-02  -1.0170329367e+00
1.7280000000e+00   3.5458444534e-02  -1.0156195269e+00
1.7300000000e+00   3.5356868236e-02  -1.0142099047e+00
1.7320000000e+00   3.5255838854e-02  -1.0128040690e+00
1.7340000000e+00   3.5155352546e-02  -1.0114020175e+00
1.7360000000e+00   3.5055404647e-02  -1.0100037471e+00
1.7380000000e+00   3.4955989861e-02  -1.0086092532e+00
1.7400000000e+00   3.4857102413e-02  -1.0072185304e+00
1.7420000000e+00   3.4758736182e-02  -1.0058315723e+00
1.7440000000e+00   3.4660884818e-02  -1.0044483717e+00
1.7460000000e+00   3.4563541825e-02  -1.0030689205e+00
1.7480000000e+00   3.4466700648e-02  -1.0016932099e+00
1.7500000000e+00   3.4370354726e-02  -1.0003212304e+00
1.7520000000e+00   3.4274497547e-02  -9.9895297194e-01
1.7540000000e+00   3.4179122684e-02  -9.9758842391e-01
1.7560000000e+00   3.4084223830e-02  -9.9622757524e-01
1.7580000000e+00   3.3989794815e-02  -9.9487041445e-01
1.7600000000e+00   3.3895829628e-02  -9.9351692968e-01
1.7620000000e+00   3.3802322428e-02  -9.9216710875e-01
1.7640000000e+00   3.3709267553e-02  -9.9082093920e-01
1.7660000000e+00   3.3616659521e-02  -9.8947840833e-01
1.7680000000e+00   3.3524493039e-02  -9.8813950325e-01
1.7700000000e+00   3.3432762998e-02  -9.8680421086e-01
1.7720000000e+00   3.3341464473e-02  -9.8547251794e-01
1.7740000000e+00   3.3250592721e-02  -9.8414441114e-01
1.7760000000e+00   3.3160143180e-02  -9.8281987701e-01
1.7780000000e+00   3.3070111459e-02  -9.8149890204e-01
1.7800000000e+00   3.2980493339e-02  -9.8018147262e-01
1.7820000000e+00   3.2891284764e-02  -9.7886757514e-01
1.7840000000e+00   3.2802481841e-02  -9.7755719592e-01
1.7860000000e+00   3.2714080830e-02  -9.7625032130e-01
1.7880000000e+00   3.2626078141e-02  -9.7494693760e-01
1.7900000000e+00   3.2538470331e-02  -9.7364703114e-01
1.7920000000e+00   3.2451254096e-02  -9.7235058827e-01
1.7940000000e+00   3.2364426272e-02  -9.7105759535e-01
1.7960000000e+00   3.2277983822e-02  -9.6976803880e-01
1.7980000000e+00   3.2191923843e-02  -9.6848190505e-01
1.8000000000e+00   3.2106243553e-02  -9.6719918060e-01
1.8020000000e+00   3.2020940294e-02  -9.6591985200e-01
1.8040000000e+00   3.1936011527e-02  -9.6464390586e-01
1.8060000000e+00   3.1851454826e-02  -9.6337132886e-01
1.8080000000e+00   3.1767267882e-02  -9.6210210774e-01
1.8100000000e+00   3.1683448495e-02  -9.6083622935e-01
1.8120000000e+00   3.1599994576e-02  -9.5957368059e-01
1.8140000000e+00   3.1516904143e-02  -9.5831444847e-01
1.8160000000e+00   3.1434175320e-02  -9.5705852011e-01
1.8180000000e+00   3.1351806334e-02  -9.5580588271e-01
1.8200000000e+00   3.1269795516e-02  -9.5455652360e-01
1.8220000000e+00   3.1188141300e-02  -9.5331043023e-01
1.8240000000e+00   3.1106842215e-02  -9.5206759016e-01
1.8260000000e+00   3.1025896894e-02  -9.5082799111e-01
1.8280000000e+00   3.0945304059e-02  -9.4959162094e-01
1.8300000000e+00   3.0865062531e-02  -9.4835846766e-01
1.8320000000e+00   3.0785171218e-02  -9.4712851945e-01
1.8340000000e+00   3.0705629113e-02  -9.4590176467e-01
1.8360000000e+00   3.0626435293e-02  -9.4467819190e-01
1.8380000000e+00   3.0547588905e-02  -9.4345778989e-01
1.8400000000e+00   3.0469089167e-02  -9.4224054766e-01
1.8420000000e+00   3.0390935351e-02  -9.4102645443e-01
1.8440000000e+00   3.0313126773e-02  -9.3981549971e-01
1.8460000000e+00   3.0235662779e-02  -9.3860767330e-01
1.8480000000e+00   3.0158542724e-02  -9.3740296527e-01
1.8500000000e+00   3.0081765951e-02  -9.3620136605e-01
1.8520000000e+00   3.0005331764e-02  -9.3500286641e-01
1.8540000000e+00   2.9929239392e-02  -9.3380745746e-01
1.8560000000e+00   2.9853487955e-02  -9.3261513074e-01
1.8580000000e+00   2.9778076414e-02  -9.3142587818e-01
1.8600000000e+00   2.9703003518e-02  -9.3023969213e-01
1.8620000000e+00   2.9628267745e-02  -9.2905656538e-01
1.8640000000e+00   2.9553867228e-02  -9.2787649117e-01
1.8660000000e+00   2.9479799676e-02  -9.2669946319e-01
1.8680000000e+00   2.9406062288e-02  -9.2552547551e-01
1.8700000000e+00   2.9332651653e-02  -9.2435452265e-01
1.8720000000e+00   2.9259563650e-02  -9.2318659942e-01
1.8740000000e+00   2.9186793335e-02  -9.2202170097e-01
1.8760000000e+00   2.9114334839e-02  -9.2085982258e-01
1.8780000000e+00   2.9042181258e-02  -9.1970095962e-01
1.8800000000e+00   2.8970324562e-02  -9.1854510737e-01
1.8820000000e+00   2.8898755515e-02  -9.1739226081e-01
1.8840000000e+00   2.8827463630e-02  -9.1624241446e-01
1.8860000000e+00   2.8756437156e-02  -9.1509556206e-01
1.8880000000e+00   2.8685663116e-02  -9.1395169635e-01
1.8900000000e+00   2.8615127403e-02  -9.1281080875e-01
1.8920000000e+00   2.8544814947e-02  -9.1167288909e-01
1.8940000000e+00   2.8474709954e-02  -9.1053792533e-01
1.8960000000e+00   2.8404796221e-02  -9.0940590331e-01
1.8980000000e+00   2.8335057529e-02  -9.0827680657e-01
1.9000000000e+00   2.8265478087e-02  -9.0715061626e-01
1.9020000000e+00   2.8196043024e-02  -9.0602731113e-01
1.9040000000e+00   2.8126738893e-02  -9.0490686767e-01
1.9060000000e+00   2.8057554160e-02  -9.0378926029e-01
1.9080000000e+00   2.7988479640e-02  -9.0267446174e-01
1.9100000000e+00   2.7919508848e-02  -9.0156244356e-01
1.9120000000e+00   2.7850638235e-02  -9.0045317658e-01
1.9140000000e+00   2.7781867295e-02  -8.9934663159e-01
1.9160000000e+00   2.7713198522e-02  -8.9824277986e-01
1.9180000000e+00   2.7644637233e-02  -8.9714159376e-01
1.9200000000e+00   2.7576191261e-02  -8.9604304725e-01
1.9220000000e+00   2.7507870556e-02  -8.9494711630e-01
1.9240000000e+00   2.7439686713e-02  -8.9385377916e-01
1.9260000000e+00   2.7371652472e-02  -8.9276301654e-01
1.9280000000e+00   2.7303781218e-02  -8.9167481168e-01
1.9300000000e+00   2.7236086506e-02  -8.9058915025e-01
1.9320000000e+00   2.7168581649e-02  -8.8950602026e-01
1.9340000000e+00   2.7101279364e-02  -8.8842541179e-01
1.9360000000e+00   2.7034191497e-02  -8.8734731674e-01
1.9380000000e+00   2.6967328828e-02  -8.8627172858e-01
1.9400000000e+00   2.6900700938e-02  -8.8519864202e-01
1.9420000000e+00   2.6834316150e-02  -8.8412805274e-01
1.9440000000e+00   2.6768181516e-02  -8.8305995712e-01
1.9460000000e+00   2.6702302852e-02  -8.8199435203e-01
1.9480000000e+00   2.6636684803e-02  -8.8093123461e-01
1.9500000000e+00   2.6571330925e-02  -8.7987060212e-01
1.9520000000e+00   2.6506243793e-02  -8.7881245177e-01
1.9540000000e+00   2.6441425102e-02  -8.7775678064e-01
1.9560000000e+00   2.6376875777e-02  -8.7670358561e-01
1.9580000000e+00   2.6312596077e-02  -8.7565286328e-01
1.9600000000e+00   2.6248585697e-02  -8.7460460993e-01
1.9620000000e+00   2.6184843856e-02  -8.7355882155e-01
1.9640000000e+00   2.6121369384e-02  -8.7251549375e-01
1.9660000000e+00   2.6058160792e-02  -8.7147462182e-01
1.9680000000e+00   2.5995216338e-02  -8.7043620074e-01
1.9700000000e+00   2.5932534087e-02  -8.6940022515e-01
1.9720000000e+00   2.5870111952e-02  -8.6836668943e-01
1.9740000000e+00   2.5807947745e-02  -8.6733558765e-01
1.9760000000e+00   2.5746039200e-02  -8.6630691366e-01
1.9780000000e+00   2.5684384011e-02  -8.6528066106e-01
1.9800000000e+00   2.5622979853e-02  -8.6425682325e-01
1.9820000000e+00   2.5561824398e-02  -8.6323539345e-01
1.9840000000e+00   2.5500915333e-02  -8.6221636470e-01
1.9860000000e+00   2.5440250375e-02  -8.6119972989e-01
1.9880000000e+00   2.5379827276e-02  -8.6018548181e-01
1.9900000000e+00   2.5319643832e-02  -8.5917361310e-01
1.9920000000e+00   2.5259697889e-02  -8.5816411633e-01
1.9940000000e+00   2.5199987348e-02  -8.5715698397e-01
1.9960000000e+00   2.5140510165e-02  -8.5615220842e-01
1.9980000000e+00   2.5081264357e-02  -8.5514978204e-01
2.0000000000e+00   2.5022247995e-02  -8.5414969711e-01
2.0020000000e+00   2.4963459216e-02  -8.5315194590e-01
2.0040000000e+00   2.4904896211e-02  -8.5215652063e-01
2.0060000000e+00   2.4846557234e-02  -8.5116341350e-01
2.0080000000e+00   2.4788440593e-02  -8.5017261671e-01
2.0100000000e+00   2.4730544655e-02  -8.4918412243e-01
2.0120000000e+00   2.4672867844e-02  -8.4819792284e-01
2.0140000000e+00   2.4615408635e-02  -8.4721401010e-01
2.0160000000e+00   2.4558165559e-02  -8.4623237639e-01
2.0180000000e+00   2.4501137197e-02  -8.4525301390e-01
2.0200000000e+00   2.4444322182e-02  -8.4427591484e-01
2.0220000000e+00   2.4387719196e-02  -8.4330107141e-01
2.0240000000e+00   2.4331326968e-02  -8.4232847585e-01
2.0260000000e+00   2.4275144276e-02  -8.4135812041e-01
2.0280000000e+00   2.4219169943e-02  -8.4038999738e-01
2.0300000000e+00   2.4163402837e-02  -8.3942409907e-01
2.0320000000e+00   2.4107841871e-02  -8.3846041780e-01
2.0340000000e+00   2.4052486003e-02  -8.3749894595e-01
2.0360000000e+00   2.3997334233e-02  -8.3653967592e-01
2.0380000000e+00   2.3942385603e-02  -8.3558260013e-01
2.0400000000e+00   2.3887639200e-02  -8.3462771107e-01
2.0420000000e+00   2.3833094151e-02  -8.3367500124e-01
2.0440000000e+00   2.3778749627e-02  -8.3272446319e-01
2.0460000000e+00   2.3724604840e-02  -8.3177608952e-01
2.0480000000e+00   2.3670659045e-02  -8.3082987287e-01
2.0500000000e+00   2.3616911538e-02  -8.2988580593e-01
2.0520000000e+00   2.3563361658e-02  -8.2894388144e-01
2.0540000000e+00   2.3510008789e-02  -8.2800409219e-01
2.0560000000e+00   2.3456852354e-02  -8.2706643103e-01
2.0580000000e+00   2.3403891821e-02  -8.2613089088e-01
2.0600000000e+00   2.3351126702e-02  -8.2519746469e-01
2.0620000000e+00   2.3298556552e-02  -8.2426614553e-01
2.0640000000e+00   2.3246180969e-02  -8.2333692649e-01
2.0660000000e+00   2.3193999593e-02  -8.2240980078e-01
2.0680000000e+00   2.3142012110e-02  -8.2148476167e-01
2.0700000000e+00   2.3090218246e-02  -8.2056180251e-01
2.0720000000e+00   2.3038617767e-02  -8.1964091678e-01
2.0740000000e+00   2.2987210479e-02  -8.1872209803e-01
2.0760000000e+00   2.2935996226e-02  -8.1780533994e-01
2.0780000000e+00   2.2884974882e-02  -8.1689063631e-01
2.0800000000e+00   2.2834146354e-02  -8.1597798106e-01
2.0820000000e+00   2.2783510569e-02  -8.1506736827e-01
2.0840000000e+00   2.2733067474e-02  -8.1415879215e-01
2.0860000000e+00   2.2682817019e-02  -8.1325224710e-01
2.0880000000e+00   2.2632759155e-02  -8.1234772767e-01
2.0900000000e+00   2.2582893814e-02  -8.1144522863e-01
2.0920000000e+00   2.2533220894e-02  -8.1054474492e-01
2.0940000000e+00   2.2483740242e-02  -8.0964627173e-01
2.0960000000e+00   2.2434451627e-02  -8.0874980446e-01
2.0980000000e+00   2.2385354713e-02  -8.0785533877e-01
2.1000000000e+00   2.2336449028e-02  -8.0696287055e-01
2.1020000000e+00   2.2287733927e-02  -8.0607239596e-01
2.1040000000e+00   2.2239208544e-02  -8.0518391143e-01
2.1060000000e+00   2.2190871750e-02  -8.0429741363e-01
2.1080000000e+00   2.2142722094e-02  -8.0341289950e-01
2.1100000000e+00   2.2094757747e-02  -8.0253036621e-01
2.1120000000e+00   2.2046976438e-02  -8.0164981111e-01
2.1140000000e+00   2.1999375389e-02  -8.0077123174e-01
2.1160000000e+00   2.1951951246e-02  -7.9989462573e-01
2.1180000000e+00   2.1904700021e-02  -7.9901999074e-01
2.1200000000e+00   2.1857617028e-02  -7.9814732436e-01
2.1220000000e+00   2.1810696842e-02  -7.9727662399e-01
2.1240000000e+00   2.1763933270e-02  -7.9640788675e-01
2.1260000000e+00   2.1717319341e-02  -7.9554110926e-01
2.1280000000e+00   2.1670847333e-02  -7.9467628751e-01
2.1300000000e+00   2.1624508835e-02  -7.9381341668e-01
2.1320000000e+00   2.1578294844e-02  -7.9295249097e-01
2.1340000000e+00   2.1532195920e-02  -7.9209350342e-01
2.1360000000e+00   2.1486202376e-02  -7.9123644576e-01
2.1380000000e+00   2.1440304517e-02  -7.9038130833e-01
2.1400000000e+00   2.1394492920e-02  -7.8952807996e-01
2.1420000000e+00   2.1348758726e-02  -7.8867674805e-01
2.1440000000e+00   2.1303093953e-02  -7.8782729858e-01
2.1460000000e+00   2.1257491796e-02  -7.8697971630e-01
2.1480000000e+00   2.1211946887e-02  -7.8613398491e-01
2.1500000000e+00   2.1166455510e-02  -7.8529008737e-01
2.1520000000e+00   2.1121015747e-02  -7.8444800626e-01
2.1540000000e+00   2.1075627533e-02  -7.8360772407e-01
2.1560000000e+00   2.1030292636e-02  -7.8276922365e-01
2.1580000000e+00   2.0985014539e-02  -7.8193248848e-01
2.1600000000e+00   2.0939798256e-02  -7.8109750304e-01
2.1620000000e+00   2.0894650086e-02  -7.8026425303e-01
2.1640000000e+00   2.0849577320e-02  -7.7943272553e-01
2.1660000000e+00   2.0804587941e-02  -7.7860290915e-01
2.1680000000e+00   2.0759690315e-02  -7.7777479398e-01
2.1700000000e+00   2.0714892904e-02  -7.7694837166e-01
2.1720000000e+00   2.0670204014e-02  -7.7612363519e-01
2.1740000000e+00   2.0625631583e-02  -7.7530057886e-01
2.1760000000e+00   2.0581183010e-02  -7.7447919805e-01
2.1780000000e+00   2.0536865041e-02  -7.7365948908e-01
2.1800000000e+00   2.0492683688e-02  -7.7284144903e-01
2.1820000000e+00   2.0448644194e-02  -7.7202507555e-01
2.1840000000e+00   2.0404751026e-02  -7.7121036672e-01
2.1860000000e+00   2.0361007897e-02  -7.7039732090e-01
2.1880000000e+00   2.0317417808e-02  -7.6958593663e-01
2.1900000000e+00   2.0273983097e-02  -7.6877621246e-01
2.1920000000e+00   2.0230705504e-02  -7.6796814697e-01
2.1940000000e+00   2.0187586236e-02  -7.6716173861e-01
2.1960000000e+00   2.0144626033e-02  -7.6635698572e-01
2.1980000000e+00   2.0101825232e-02  -7.6555388646e-01
2.2000000000e+00   2.0059183827e-02  -7.6475243878e-01
2.2020000000e+00   2.0016701527e-02  -7.6395264045e-01
2.2040000000e+00   1.9974377807e-02  -7.6315448903e-01
2.2060000000e+00   1.9932211950e-02  -7.6235798185e-01
2.2080000000e+00   1.9890203089e-02  -7.6156311604e-01
2.2100000000e+00   1.9848350243e-02  -7.6076988857e-01
2.2120000000e+00   1.9806652343e-02  -7.5997829618e-01
2.2140000000e+00   1.9765108262e-02  -7.5918833548e-01
2.2160000000e+00   1.9723716832e-02  -7.5840000289e-01
2.2180000000e+00   1.9682476864e-02  -7.5761329471e-01
2.2200000000e+00   1.9641387162e-02  -7.5682820711e-01
2.2220000000e+00   1.9600446535e-02  -7.5604473614e-01
2.2240000000e+00   1.9559653810e-02  -7.5526287773e-01
2.2260000000e+00   1.9519007833e-02  -7.5448262774e-01
2.2280000000e+00   1.9478507484e-02  -7.5370398196e-01
2.2300000000e+00   1.9438151674e-02  -7.5292693608e-01
2.2320000000e+00   1.9397939354e-02  -7.5215148574e-01
2.2340000000e+00   1.9357869517e-02  -7.5137762656e-01
2.2360000000e+00   1.9317941199e-02  -7.5060535408e-01
2.2380000000e+00   1.9278153481e-02  -7.4983466381e-01
2.2400000000e+00   1.9238505492e-02  -7.4906555127e-01
2.2420000000e+00   1.9198996407e-02  -7.4829801192e-01
2.2440000000e+00   1.9159625450e-02  -7.4753204122e-01
2.2460000000e+00   1.9120391893e-02  -7.4676763462e-01
2.2480000000e+00   1.9081295057e-02  -7.4600478759e-01
2.2500000000e+00   1.9042334312e-02  -7.4524349556e-01
2.2520000000e+00   1.9003509077e-02  -7.4448375401e-01
2.2540000000e+00   1.8964818819e-02  -7.4372555842e-01
2.2560000000e+00   1.8926263055e-02  -7.4296890427e-01
2.2580000000e+00   1.8887841349e-02  -7.4221378709e-01
2.2600000000e+00   1.8849553315e-02  -7.4146020242e-01
2.2620000000e+00   1.8811398616e-02  -7.4070814584e-01
2.2640000000e+00   1.8773376960e-02  -7.3995761297e-01
2.2660000000e+00   1.8735488107e-02  -7.3920859947e-01
2.2680000000e+00   1.8697731862e-02  -7.3846110105e-01
2.2700000000e+00   1.8660108076e-02  -7.3771511348e-01
2.2720000000e+00   1.8622616647e-02  -7.3697063259e-01
2.2740000000e+00   1.8585257518e-02  -7.3622765426e-01
2.2760000000e+00   1.8548030672e-02  -7.3548617449e-01
2.2780000000e+00   1.8510936135e-02  -7.3474618932e-01
2.2800000000e+00   1.8473973969e-02  -7.3400769491e-01
2.2820000000e+00   1.8437144270e-02  -7.3327068751e-01
2.2840000000e+00   1.8400447164e-02  -7.3253516350e-01
2.2860000000e+00   1.8363882798e-02  -7.3180111936e-01
2.2880000000e+00   1.8327451334e-02  -7.3106855172e-01
2.2900000000e+00   1.8291152941e-02  -7.3033745735e-01
2.2920000000e+00   1.8254987780e-02  -7.2960783320e-01
2.2940000000e+00   1.8218955995e-02  -7.2887967636e-01
2.2960000000e+00   1.8183057688e-02  -7.2815298414e-01
2.2980000000e+00   1.8147292909e-02  -7.2742775402e-01
2.3000000000e+00   1.8111661623e-02  -7.2670398371e-01
2.3020000000e+00   1.8076163685e-02  -7.2598167113e-01
2.3040000000e+00   1.8040798810e-02  -7.2526081444e-01
2.3060000000e+00   1.8005566529e-02  -7.2454141203e-01
2.3080000000e+00   1.7970466151e-02  -7.2382346252e-01
2.3100000000e+00   1.7935496714e-02  -7.2310696478e-01
2.3120000000e+00   1.7900656930e-02  -7.2239191788e-01
2.3140000000e+00   1.7865945128e-02  -7.2167832111e-01
2.3160000000e+00   1.7831359193e-02  -7.2096617391e-01
2.3180000000e+00   1.7796896505e-02  -7.2025547585e-01
2.3200000000e+00   1.7762553873e-02  -7.1954622654e-01
2.3220000000e+00   1.7728327482e-02  -7.1883842562e-01
2.3240000000e+00   1.7694212838e-02  -7.1813207255e-01
2.3260000000e+00   1.7660204731e-02  -7.1742716662e-01
2.3280000000e+00   1.7626297217e-02  -7.1672370671e-01
2.3300000000e+00   1.7592483625e-02  -7.1602169121e-01
2.3320000000e+00   1.7558756588e-02  -7.1532111781e-01
2.3340000000e+00   1.7525108120e-02  -7.1462198338e-01
2.3360000000e+00   1.7491529731e-02  -7.1392428374e-01
2.3380000000e+00   1.7458012581e-02  -7.1322801359e-01
2.3400000000e+00   1.7424547689e-02  -7.1253316630e-01
2.3420000000e+00   1.7391126167e-02  -7.1183973389e-01
2.3440000000e+00   1.7357739496e-02  -7.1114770696e-01
2.3460000000e+00   1.7324379817e-02  -7.1045707472e-01
2.3480000000e+00   1.7291040214e-02  -7.0976782513e-01
2.3500000000e+00   1.7257714995e-02  -7.0907994499e-01
2.3520000000e+00   1.7224399917e-02  -7.0839342027e-01
2.3540000000e+00   1.7191092368e-02  -7.0770823631e-01
2.3560000000e+00   1.7157791469e-02  -7.0702437823e-01
2.3580000000e+00   1.7124498096e-02  -7.0634183121e-01
2.3600000000e+00   1.7091214824e-02  -7.0566058087e-01
2.3620000000e+00   1.7057945790e-02  -7.0498061361e-01
2.3640000000e+00   1.7024696486e-02  -7.0430191680e-01
2.3660000000e+00   1.6991473514e-02  -7.0362447906e-01
2.3680000000e+00   1.6958284297e-02  -7.0294829038e-01
2.3700000000e+00   1.6925136790e-02  -7.0227334218e-01
2.3720000000e+00   1.6892039198e-02  -7.0159962729e-01
2.3740000000e+00   1.6858999711e-02  -7.0092713994e-01
2.3760000000e+00   1.6826026285e-02  -7.0025587562e-01
2.3780000000e+00   1.6793126454e-02  -6.9958583096e-01
2.3800000000e+00   1.6760307193e-02  -6.9891700355e-01
2.3820000000e+00   1.6727574818e-02  -6.9824939181e-01
2.3840000000e+00   1.6694934936e-02  -6.9758299476e-01
2.3860000000e+00   1.6662392418e-02  -6.9691781194e-01
2.3880000000e+00   1.6629951405e-02  -6.9625384320e-01
2.3900000000e+00   1.6597615339e-02  -6.9559108862e-01
2.3920000000e+00   1.6565387003e-02  -6.9492954836e-01
2.3940000000e+00   1.6533268581e-02  -6.9426922262e-01
2.3960000000e+00   1.6501261712e-02  -6.9361011152e-01
2.3980000000e+00   1.6469367558e-02  -6.9295221509e-01
2.4000000000e+00   1.6437586862e-02  -6.9229553318e-01
2.4020000000e+00   1.6405920014e-02  -6.9164006548e-01
2.4040000000e+00   1.6374367097e-02  -6.9098581151e-01
2.4060000000e+00   1.6342927949e-02  -6.9033277054e-01
2.4080000000e+00   1.6311602202e-02  -6.8968094167e-01
2.4100000000e+00   1.6280389323e-02  -6.8903032379e-01
2.4120000000e+00   1.6249288656e-02  -6.8838091559e-01
2.4140000000e+00   1.6218299443e-02  -6.8773271558e-01
2.4160000000e+00   1.6187420860e-02  -6.8708572211e-01
2.4180000000e+00   1.6156652035e-02  -6.8643993335e-01
2.4200000000e+00   1.6125992065e-02  -6.8579534734e-01
2.4220000000e+00   1.6095440035e-02  -6.8515196198e-01
2.4240000000e+00   1.6064995030e-02  -6.8450977506e-01
2.4260000000e+00   1.6034656147e-02  -6.8386878426e-01
2.4280000000e+00   1.6004422499e-02  -6.8322898716e-01
2.4300000000e+00   1.5974293227e-02  -6.8259038127e-01
2.4320000000e+00   1.5944267502e-02  -6.8195296402e-01
2.4340000000e+00   1.5914344533e-02  -6.8131673279e-01
2.4360000000e+00   1.5884523563e-02  -6.8068168491e-01
2.4380000000e+00   1.5854803881e-02  -6.8004781766e-01
2.4400000000e+00   1.5825184814e-02  -6.7941512832e-01
2.4420000000e+00   1.5795665736e-02  -6.7878361411e-01
2.4440000000e+00   1.5766246062e-02  -6.7815327226e-01
2.4460000000e+00   1.5736925252e-02  -6.7752410000e-01
2.4480000000e+00   1.5707702808e-02  -6.7689609456e-01
2.4500000000e+00   1.5678578275e-02  -6.7626925316e-01
2.4520000000e+00   1.5649551238e-02  -6.7564357307e-01
2.4540000000e+00   1.5620621318e-02  -6.7501905157e-01
2.4560000000e+00   1.5591788176e-02  -6.7439568599e-01
2.4580000000e+00   1.5563051503e-02  -6.7377347367e-01
2.4600000000e+00   1.5534411019e-02  -6.7315241203e-01
2.4620000000e+00   1.5505866467e-02  -6.7253249854e-01
2.4640000000e+00   1.5477417611e-02  -6.7191373073e-01
2.4660000000e+00   1.5449064224e-02  -6.7129610622e-01
2.4680000000e+00   1.5420806083e-02  -6.7067962269e-01
2.4700000000e+00   1.5392642961e-02  -6.7006427793e-01
2.4720000000e+00   1.5364574610e-02  -6.6945006982e-01
2.4740000000e+00   1.5336600754e-02  -6.6883699635e-01
2.4760000000e+00   1.5308721069e-02  -6.6822505561e-01
2.4780000000e+00   1.5280935167e-02  -6.6761424582e-01
2.4800000000e+00   1.5253242576e-02  -6.6700456532e-01
2.4820000000e+00   1.5225642717e-02  -6.6639601256e-01
2.4840000000e+00   1.5198134877e-02  -6.6578858613e-01
2.4860000000e+00   1.5170718180e-02  -6.6518228472e-01
2.4880000000e+00   1.5143391559e-02  -6.6457710712e-01
2.4900000000e+00   1.5116153722e-02  -6.6397305223e-01
2.4920000000e+00   1.5089003119e-02  -6.6337011899e-01
2.4940000000e+00   1.5061937907e-02  -6.6276830639e-01
2.4960000000e+00   1.5034955924e-02  -6.6216761339e-01
2.4980000000e+00   1.5008054657e-02  -6.6156803892e-01
2.5000000000e+00   1.4981231224e-02  -6.6096958175e-01
2.5020000000e+00   1.4954482364e-02  -6.6037224052e-01
2.5040000000e+00   1.4927804439e-02  -6.5977601353e-01
2.5060000000e+00   1.4901193452e-02  -6.5918089879e-01
2.5080000000e+00   1.4874645085e-02  -6.5858689383e-01
2.5100000000e+00   1.4848154760e-02  -6.5799399567e-01
2.5120000000e+00   1.4821717718e-02  -6.5740220070e-01
2.5140000000e+00   1.4795329131e-02  -6.5681150468e-01
2.5160000000e+00   1.4768984220e-02  -6.5622190260e-01
2.5180000000e+00   1.4742678404e-02  -6.5563338875e-01
2.5200000000e+00   1.4716407446e-02  -6.5504595669e-01
2.5220000000e+00   1.4690167609e-02  -6.5445959930e-01
2.5240000000e+00   1.4663955796e-02  -6.5387430890e-01
2.5260000000e+00   1.4637769671e-02  -6.5329007733e-01
2.5280000000e+00   1.4611607755e-02  -6.5270689613e-01
2.5300000000e+00   1.4585469476e-02  -6.5212475672e-01
2.5320000000e+00   1.4559355186e-02  -6.5154365055e-01
2.5340000000e+00   1.4533266127e-02  -6.5096356931e-01
2.5360000000e+00   1.4507204359e-02  -6.5038450508e-01
2.5380000000e+00   1.4481172658e-02  -6.4980645048e-01
2.5400000000e+00   1.4455174379e-02  -6.4922939877e-01
2.5420000000e+00   1.4429213312e-02  -6.4865334391e-01
2.5440000000e+00   1.4403293524e-02  -6.4807828065e-01
2.5460000000e+00   1.4377419218e-02  -6.4750420446e-01
2.5480000000e+00   1.4351594589e-02  -6.4693111155e-01
2.5500000000e+00   1.4325823709e-02  -6.4635899878e-01
2.5520000000e+00   1.4300110433e-02  -6.4578786363e-01
2.5540000000e+00   1.4274458321e-02  -6.4521770407e-01
2.5560000000e+00   1.4248870592e-02  -6.4464851850e-01
2.5580000000e+00   1.4223350089e-02  -6.4408030568e-01
2.5600000000e+00   1.4197899273e-02  -6.4351306459e-01
2.5620000000e+00   1.4172520223e-02  -6.4294679440e-01
2.5640000000e+00   1.4147214649e-02  -6.4238149442e-01
2.5660000000e+00   1.4121983918e-02  -6.4181716396e-01
2.5680000000e+00   1.4096829082e-02  -6.4125380240e-01
2.5700000000e+00   1.4071750905e-02  -6.4069140905e-01
2.5720000000e+00   1.4046749903e-02  -6.4012998317e-01
2.5740000000e+00   1.4021826370e-02  -6.3956952397e-01
2.5760000000e+00   1.3996980414e-02  -6.3901003053e-01
2.5780000000e+00   1.3972211982e-02  -6.3845150186e-01
2.5800000000e+00   1.3947520889e-02  -6.3789393685e-01
2.5820000000e+00   1.3922906843e-02  -6.3733733428e-01
2.5840000000e+00   1.3898369463e-02  -6.3678169285e-01
2.5860000000e+00   1.3873908302e-02  -6.3622701112e-01
2.5880000000e+00   1.3849522856e-02  -6.3567328760e-01
2.5900000000e+00   1.3825212587e-02  -6.3512052067e-01
2.5920000000e+00   1.3800976926e-02  -6.3456870865e-01
2.5940000000e+00   1.3776815289e-02  -6.3401784977e-01
2.5960000000e+00   1.3752727080e-02  -6.3346794220e-01
2.5980000000e+00   1.3728711703e-02  -6.3291898405e-01
2.6000000000e+00   1.3704768561e-02  -6.3237097337e-01
2.6020000000e+00   1.3680897066e-02  -6.3182390813e-01
2.6040000000e+00   1.3657096641e-02  -6.3127778631e-01
2.6060000000e+00   1.3633366719e-02  -6.3073260580e-01
2.6080000000e+00   1.3609706751e-02  -6.3018836449e-01
2.6100000000e+00   1.3586116201e-02  -6.2964506021e-01
2.6120000000e+00   1.3562594555e-02  -6.2910269079e-01
2.6140000000e+00   1.3539141313e-02  -6.2856125403e-01
2.6160000000e+00   1.3515755997e-02  -6.2802074771e-01
2.6180000000e+00   1.3492438147e-02  -6.2748116959e-01
2.6200000000e+00   1.3469187322e-02  -6.2694251741e-01
2.6220000000e+00   1.3446003101e-02  -6.2640478893e-01
2.6240000000e+00   1.3422885082e-02  -6.2586798188e-01
2.6260000000e+00   1.3399832882e-02  -6.2533209399e-01
2.6280000000e+00   1.3376846136e-02  -6.2479712298e-01
2.6300000000e+00   1.3353924499e-02  -6.2426306659e-01
2.6320000000e+00   1.3331067644e-02  -6.2372992255e-01
2.6340000000e+00   1.3308275261e-02  -6.2319768857e-01
2.6360000000e+00   1.3285547057e-02  -6.2266636241e-01
2.6380000000e+00   1.3262882759e-02  -6.2213594180e-01
2.6400000000e+00   1.3240282109e-02  -6.2160642450e-01
2.6420000000e+00   1.3217744865e-02  -6.2107780826e-01
2.6440000000e+00   1.3195270802e-02  -6.2055009086e-01
2.6460000000e+00   1.3172859712e-02  -6.2002327009e-01
2.6480000000e+00   1.3150511401e-02  -6.1949734373e-01
2.6500000000e+00   1.3128225690e-02  -6.1897230962e-01
2.6520000000e+00   1.3106002414e-02  -6.1844816558e-01
2.6540000000e+00   1.3083841422e-02  -6.1792490947e-01
2.6560000000e+00   1.3061742577e-02  -6.1740253917e-01
2.6580000000e+00   1.3039705753e-02  -6.1688105258e-01
2.6600000000e+00   1.3017730834e-02  -6.1636044763e-01
2.6620000000e+00   1.2995817714e-02  -6.1584072227e-01
2.6640000000e+00   1.2973966295e-02  -6.1532187451e-01
2.6660000000e+00   1.2952176484e-02  -6.1480390236e-01
2.6680000000e+00   1.2930448192e-02  -6.1428680388e-01
2.6700000000e+00   1.2908781329e-02  -6.1377057719e-01
2.6720000000e+00   1.2887175801e-02  -6.1325522042e-01
2.6740000000e+00   1.2865631507e-02  -6.1274073178e-01
2.6760000000e+00   1.2844148335e-02  -6.1222710951e-01
2.6780000000e+00   1.2822726149e-02  -6.1171435190e-01
2.6800000000e+00   1.2801364792e-02  -6.1120245731e-01
2.6820000000e+00   1.2780064070e-02  -6.1069142413e-01
2.6840000000e+00   1.2758823746e-02  -6.1018125084e-01
2.6860000000e+00   1.2737643531e-02  -6.0967193595e-01
2.6880000000e+00   1.2716523070e-02  -6.0916347803e-01
2.6900000000e+00   1.2695461930e-02  -6.0865587573e-01
2.6920000000e+00   1.2674459587e-02  -6.0814912769e-01
2.6940000000e+00   1.2653515411e-02  -6.0764323263e-01
2.6960000000e+00   1.2632628654e-02  -6.0713818929e-01
2.6980000000e+00   1.2611798434e-02  -6.0663399640e-01
2.7000000000e+00   1.2591023722e-02  -6.0613065269e-01
2.7020000000e+00   1.2570303334e-02  -6.0562815686e-01
2.7040000000e+00   1.2549635925e-02  -6.0512650753e-01
2.7060000000e+00   1.2529019983e-02  -6.0462570325e-01
2.7080000000e+00   1.2508453838e-02  -6.0412574242e-01
2.7100000000e+00   1.2487935669e-02  -6.0362662328e-01
2.7120000000e+00   1.2467463531e-02  -6.0312834385e-01
2.7140000000e+00   1.2447035381e-02  -6.0263090192e-01
2.7160000000e+00   1.2426649122e-02  -6.0213429500e-01
2.7180000000e+00   1.2406302650e-02  -6.0163852031e-01
2.7200000000e+00   1.2385993914e-02  -6.0114357475e-01
2.7220000000e+00   1.2365720980e-02  -6.0064945491e-01
2.7240000000e+00   1.2345482097e-02  -6.0015615706e-01
2.7260000000e+00   1.2325275758e-02  -5.9966367724e-01
2.7280000000e+00   1.2305100765e-02  -5.9917201122e-01
2.7300000000e+00   1.2284956267e-02  -5.9868115464e-01
2.7320000000e+00   1.2264841801e-02  -5.9819110303e-01
2.7340000000e+00   1.2244757298e-02  -5.9770185192e-01
2.7360000000e+00   1.2224703088e-02  -5.9721339688e-01
2.7380000000e+00   1.2204679871e-02  -5.9672573362e-01
2.7400000000e+00   1.2184688683e-02  -5.9623885807e-01
2.7420000000e+00   1.2164730842e-02  -5.9575276642e-01
2.7440000000e+00   1.2144807887e-02  -5.9526745513e-01
2.7460000000e+00   1.2124921515e-02  -5.9478292100e-01
2.7480000000e+00   1.2105073513e-02  -5.9429916117e-01
2.7500000000e+00   1.2085265697e-02  -5.9381617308e-01
2.7520000000e+00   1.2065499858e-02  -5.9333395449e-01
2.7540000000e+00   1.2045777714e-02  -5.9285250343e-01
2.7560000000e+00   1.2026100876e-02  -5.9237181818e-01
2.7580000000e+00   1.2006470819e-02  -5.9189189721e-01
2.7600000000e+00   1.1986888864e-02  -5.9141273918e-01
2.7620000000e+00   1.1967356174e-02  -5.9093434286e-01
2.7640000000e+00   1.1947873749e-02  -5.9045670714e-01
2.7660000000e+00   1.1928442429e-02  -5.8997983094e-01
2.7680000000e+00   1.1909062905e-02  -5.8950371327e-01
2.7700000000e+00   1.1889735732e-02  -5.8902835312e-01
2.7720000000e+00   1.1870461336e-02  -5.8855374949e-01
2.7740000000e+00   1.1851240034e-02  -5.8807990138e-01
2.7760000000e+00   1.1832072048e-02  -5.8760680774e-01
2.7780000000e+00   1.1812957514e-02  -5.8713446753e-01
2.7800000000e+00   1.1793896503e-02  -5.8666287964e-01
2.7820000000e+00   1.1774889026e-02  -5.8619204293e-01
2.7840000000e+00   1.1755935049e-02  -5.8572195625e-01
2.7860000000e+00   1.1737034503e-02  -5.8525261837e-01
2.7880000000e+00   1.1718187293e-02  -5.8478402806e-01
2.7900000000e+00   1.1699393304e-02  -5.8431618404e-01
2.7920000000e+00   1.1680652406e-02  -5.8384908502e-01
2.7940000000e+00   1.1661964466e-02  -5.8338272967e-01
2.7960000000e+00   1.1643329346e-02  -5.8291711666e-01
2.7980000000e+00   1.1624746910e-02  -5.8245224462e-01
2.8000000000e+00   1.1606217024e-02  -5.8198811218e-01
2.8020000000e+00   1.1587739563e-02  -5.8152471799e-01
2.8040000000e+00   1.1569314409e-02  -5.8106206065e-01
2.8060000000e+00   1.1550941452e-02  -5.8060013880e-01
2.8080000000e+00   1.1532620590e-02  -5.8013895109e-01
2.8100000000e+00   1.1514351731e-02  -5.7967849618e-01
2.8120000000e+00   1.1496134790e-02  -5.7921877272e-01
2.8140000000e+00   1.1477969686e-02  -5.7875977944e-01
2.8160000000e+00   1.1459856342e-02  -5.7830151505e-01
2.8180000000e+00   1.1441794681e-02  -5.7784397831e-01
2.8200000000e+00   1.1423784621e-02  -5.7738716805e-01
2.8220000000e+00   1.1405826069e-02  -5.7693108309e-01
2.8240000000e+00   1.1387918917e-02  -5.7647572233e-01
2.8260000000e+00   1.1370063034e-02  -5.7602108473e-01
2.8280000000e+00   1.1352258256e-02  -5.7556716929e-01
2.8300000000e+00   1.1334504377e-02  -5.7511397507e-01
2.8320000000e+00   1.1316801137e-02  -5.7466150120e-01
2.8340000000e+00   1.1299148209e-02  -5.7420974685e-01
2.8360000000e+00   1.1281545185e-02  -5.7375871126e-01
2.8380000000e+00   1.1263991561e-02  -5.7330839373e-01
2.8400000000e+00   1.1246486720e-02  -5.7285879359e-01
2.8420000000e+00   1.1229029913e-02  -5.7240991022e-01
2.8440000000e+00   1.1211620246e-02  -5.7196174299e-01
2.8460000000e+00   1.1194256660e-02  -5.7151429129e-01
2.8480000000e+00   1.1176937917e-02  -5.7106755450e-01
2.8500000000e+00   1.1159662594e-02  -5.7062153190e-01
2.8520000000e+00   1.1142429068e-02  -5.7017622270e-01
2.8540000000e+00   1.1125235524e-02  -5.6973162599e-01
2.8560000000e+00   1.1108079957e-02  -5.6928774067e-01
2.8580000000e+00   1.1090960196e-02  -5.6884456542e-01
2.8600000000e+00   1.1073873927e-02  -5.6840209865e-01
2.8620000000e+00   1.1056818736e-02  -5.6796033847e-01
2.8640000000e+00   1.1039792162e-02  -5.6751928266e-01
2.8660000000e+00   1.1022791762e-02  -5.6707892860e-01
2.8680000000e+00   1.1005815179e-02  -5.6663927331e-01
2.8700000000e+00   1.0988860225e-02  -5.6620031344e-01
2.8720000000e+00   1.0971924957e-02  -5.6576204528e-01
2.8740000000e+00   1.0955007752e-02  -5.6532446480e-01
2.8760000000e+00   1.0938107374e-02  -5.6488756775e-01
2.8780000000e+00   1.0921223024e-02  -5.6445134969e-01
2.8800000000e+00   1.0904354370e-02  -5.6401580610e-01
2.8820000000e+00   1.0887501563e-02  -5.6358093248e-01
2.8840000000e+00   1.0870665219e-02  -5.6314672441e-01
2.8860000000e+00   1.0853846387e-02  -5.6271317772e-01
2.8880000000e+00   1.0837046499e-02  -5.6228028844e-01
2.8900000000e+00   1.0820267301e-02  -5.6184805299e-01
2.8920000000e+00   1.0803510775e-02  -5.6141646814e-01
2.8940000000e+00   1.0786779064e-02  -5.6098553104e-01
2.8960000000e+00   1.0770074391e-02  -5.6055523927e-01
2.8980000000e+00   1.0753398985e-02  -5.6012559077e-01
2.9000000000e+00   1.0736755018e-02  -5.5969658387e-01
2.9020000000e+00   1.0720144553e-02  -5.5926821721e-01
2.9040000000e+00   1.0703569499e-02  -5.5884048971e-01
2.9060000000e+00   1.0687031584e-02  -5.5841340053e-01
2.9080000000e+00   1.0670532336e-02  -5.5798694906e-01
2.9100000000e+00   1.0654073071e-02  -5.5756113479e-01
2.9120000000e+00   1.0637654889e-02  -5.5713595737e-01
2.9140000000e+00   1.0621278683e-02  -5.5671141649e-01
2.9160000000e+00   1.0604945142e-02  -5.5628751190e-01
2.9180000000e+00   1.0588654763e-02  -5.5586424338e-01
2.9200000000e+00   1.0572407866e-02  -5.5544161070e-01
2.9220000000e+00   1.0556204602e-02  -5.5501961360e-01
2.9240000000e+00   1.0540044970e-02  -5.5459825180e-01
2.9260000000e+00   1.0523928830e-02  -5.5417752495e-01
2.9280000000e+00   1.0507855911e-02  -5.5375743266e-01
2.9300000000e+00   1.0491825827e-02  -5.5333797446e-01
2.9320000000e+00   1.0475838086e-02  -5.5291914980e-01
2.9340000000e+00   1.0459892106e-02  -5.5250095804e-01
2.9360000000e+00   1.0443987220e-02  -5.5208339845e-01
2.9380000000e+00   1.0428122695e-02  -5.5166647018e-01
2.9400000000e+00   1.0412297745e-02  -5.5125017230e-01
2.9420000000e+00   1.0396511548e-02  -5.5083450373e-01
2.9440000000e+00   1.0380763262e-02  -5.5041946327e-01
2.9460000000e+00   1.0365052046e-02  -5.5000504961e-01
2.9480000000e+00   1.0349377079e-02  -5.4959126132e-01
2.9500000000e+00   1.0333737582e-02  -5.4917809685e-01
2.9520000000e+00   1.0318132839e-02  -5.4876555452e-01
2.9540000000e+00   1.0302562213e-02  -5.4835363259e-01
2.9560000000e+00   1.0287025163e-02  -5.4794232923e-01
2.9580000000e+00   1.0271521256e-02  -5.4753164256e-01
2.9600000000e+00   1.0256050173e-02  -5.4712157066e-01
2.9620000000e+00   1.0240611710e-02  -5.4671211160e-01
2.9640000000e+00   1.0225205775e-02  -5.4630326348e-01
2.9660000000e+00   1.0209832381e-02  -5.4589502444e-01
2.9680000000e+00   1.0194491628e-02  -5.4548739264e-01
2.9700000000e+00   1.0179183694e-02  -5.4508036634e-01
2.9720000000e+00   1.0163908811e-02  -5.4467394387e-01
2.9740000000e+00   1.0148667252e-02  -5.4426812364e-01
2.9760000000e+00   1.0133459310e-02  -5.4386290415e-01
2.9780000000e+00   1.0118285283e-02  -5.4345828396e-01
2.9800000000e+00   1.0103145459e-02  -5.4305426173e-01
2.9820000000e+00   1.0088040107e-02  -5.4265083618e-01
2.9840000000e+00   1.0072969465e-02  -5.4224800607e-01
2.9860000000e+00   1.0057933738e-02  -5.4184577022e-01
2.9880000000e+00   1.0042933090e-02  -5.4144412750e-01
2.9900000000e+00   1.0027967647e-02  -5.4104307679e-01
2.9920000000e+00   1.0013037494e-02  -5.4064261699e-01
2.9940000000e+00   9.9981426781e-03  -5.4024274703e-01
2.9960000000e+00   9.9832832090e-03  -5.3984346583e-01
2.9980000000e+00   9.9684590652e-03  -5.3944477232e-01
3.0000000000e+00   9.9536701955e-03  -5.3904666542e-01
# sum response = 2.1547926963e+03
