0.0000000000e+00   1.1497773519e-02  2.1083544947e+01
2.0000000000e-03   1.2033576673e-02  2.1554048742e+01
4.0000000000e-03   1.2608018778e-02  2.2046745436e+01
6.0000000000e-03   1.3224913086e-02  2.2563255352e+01
8.0000000000e-03   1.3888555329e-02  2.3105360762e+01
1.0000000000e-02   1.4603798874e-02  2.3675026648e+01
1.2000000000e-02   1.5376143913e-02  2.4274424739e+01
1.4000000000e-02   1.6211843734e-02  2.4905961445e+01
1.6000000000e-02   1.7118031953e-02  2.5572310449e+01
1.8000000000e-02   1.8102875531e-02  2.6276450887e+01
2.0000000000e-02   1.9175759759e-02  2.7021712259e+01
2.2000000000e-02   2.0347513055e-02  2.7811827512e+01
2.4000000000e-02   2.1630681686e-02  2.8650996072e+01
2.6000000000e-02   2.3039867496e-02  2.9543959078e+01
2.8000000000e-02   2.4592145721e-02  3.0496089658e+01
3.0000000000e-02   2.6307585338e-02  3.1513501885e+01
3.2000000000e-02   2.8209901762e-02  3.2603183079e+01
3.4000000000e-02   3.0327281803e-02  3.3773155510e+01
3.6000000000e-02   3.2693434865e-02  3.5032675407e+01
3.8000000000e-02   3.5348944182e-02  3.6392479742e+01
4.0000000000e-02   3.8343020110e-02  3.7865094689e+01
4.2000000000e-02   4.1735798234e-02  3.9465224560e+01
4.4000000000e-02   4.5601384737e-02  4.1210246806e+01
4.6000000000e-02   5.0031940170e-02  4.3120848428e+01
4.8000000000e-02   5.5143226938e-02  4.5221853319e+01
5.0000000000e-02   6.1082252246e-02  4.7543310837e+01
5.2000000000e-02   6.8037962484e-02  5.0121947222e+01
5.4000000000e-02   7.6256465096e-02  5.3003129237e+01
5.6000000000e-02   8.6063108731e-02  5.6243564125e+01
5.8000000000e-02   9.7895194569e-02  5.9915079445e+01
6.0000000000e-02   1.1235159810e-01  6.4110022714e+01
6.2000000000e-02   1.3027008328e-01  6.8949152935e+01
6.4000000000e-02   1.5285148942e-01  7.4593477472e+01
6.6000000000e-02   1.8186632116e-01  8.1262544650e+01
6.8000000000e-02   2.2001271284e-01  8.9263710450e+01
7.0000000000e-02   2.7156719353e-01  9.9040913411e+01
7.2000000000e-02   3.4363774853e-01  1.1126002436e+02
7.4000000000e-02   4.4875196835e-01  1.2696733804e+02
7.6000000000e-02   6.1069303581e-01  1.4790651712e+02
7.8000000000e-02   8.7923822743e-01  1.7721575004e+02
8.0000000000e-02   1.3735313128e+00  2.2117021148e+02
8.2000000000e-02   2.4411855744e+00  2.9440734478e+02
8.4000000000e-02   5.4901145515e+00  4.4081193174e+02
8.6000000000e-02   2.1928064753e+01  8.7938675903e+02
8.8000000000e-02   3.5121390662e+04  1.3741760789e+03
9.0000000000e-02   2.2013892377e+01  -8.7824914265e+02
9.2000000000e-02   5.5008658832e+00  -4.3838800185e+02
9.4000000000e-02   2.4443881967e+00  -2.9174420295e+02
9.6000000000e-02   1.3749012482e+00  -2.1842259654e+02
9.8000000000e-02   8.7995991802e-01  -1.7442824067e+02
1.0000000000e-01   6.1113204393e-01  -1.4509649571e+02
1.0200000000e-01   4.4905061906e-01  -1.2414286584e+02
1.0400000000e-01   3.4386067177e-01  -1.0842526793e+02
1.0600000000e-01   2.7174715497e-01  -9.6198177879e+01
1.0800000000e-01   2.2016776368e-01  -8.6414319708e+01
1.1000000000e-01   1.8200707744e-01  -7.8407265097e+01
1.1200000000e-01   1.5298453470e-01  -7.1732739280e+01
1.1400000000e-01   1.3039968563e-01  -6.6083173315e+01
1.1600000000e-01   1.1248063219e-01  -6.1238878277e+01
1.1800000000e-01   9.8025663039e-02  -5.7038750563e+01
1.2000000000e-01   8.6196450224e-02  -5.3361963134e+01
1.2200000000e-01   7.6393743144e-02  -5.0116118925e+01
1.2400000000e-01   6.8179985165e-02  -4.7229353260e+01
1.2600000000e-01   6.1229650192e-02  -4.4644930335e+01
1.2800000000e-01   5.5296505474e-02  -4.2317460808e+01
1.3000000000e-01   5.0191514977e-02  -4.0210200119e+01
1.3200000000e-01   4.5767606741e-02  -3.8293083645e+01
1.3400000000e-01   4.1908971314e-02  -3.6541274449e+01
1.3600000000e-01   3.8523413915e-02  -3.4934074095e+01
1.3800000000e-01   3.5536803562e-02  -3.3454094869e+01
1.4000000000e-01   3.2888986926e-02  -3.2086623041e+01
1.4200000000e-01   3.0530741260e-02  -3.0819123614e+01
1.4400000000e-01   2.8421475068e-02  -2.9640851208e+01
1.4600000000e-01   2.6527473919e-02  -2.8542541444e+01
1.4800000000e-01   2.4820548551e-02  -2.7516164052e+01
1.5000000000e-01   2.3276983178e-02  -2.6554723767e+01
1.5200000000e-01   2.1876710169e-02  -2.5652098549e+01
1.5400000000e-01   2.0602657075e-02  -2.4802907222e+01
1.5600000000e-01   1.9440226073e-02  -2.4002400462e+01
1.5800000000e-01   1.8376875992e-02  -2.3246370472e+01
1.6000000000e-01   1.7401784473e-02  -2.2531075714e+01
1.6200000000e-01   1.6505573157e-02  -2.1853177834e+01
1.6400000000e-01   1.5680082827e-02  -2.1209688553e+01
1.6600000000e-01   1.4918188384e-02  -2.0597924714e+01
1.6800000000e-01   1.4213645792e-02  -2.0015470081e+01
1.7000000000e-01   1.3560964844e-02  -1.9460142714e+01
1.7200000000e-01   1.2955302874e-02  -1.8929967006e+01
1.7400000000e-01   1.2392375579e-02  -1.8423149616e+01
1.7600000000e-01   1.1868381874e-02  -1.7938058681e+01
1.7800000000e-01   1.1379940306e-02  -1.7473205793e+01
1.8000000000e-01   1.0924035049e-02  -1.7027230323e+01
1.8200000000e-01   1.0497969867e-02  -1.6598885743e+01
1.8400000000e-01   1.0099328727e-02  -1.6187027647e+01
1.8600000000e-01   9.7259419903e-03  -1.5790603237e+01
1.8800000000e-01   9.3758573000e-03  -1.5408642067e+01
1.9000000000e-01   9.0473144404e-03  -1.5040247863e+01
1.9200000000e-01   8.7387235567e-03  -1.4684591286e+01
1.9400000000e-01   8.4486462387e-03  -1.4340903500e+01
1.9600000000e-01   8.1757790490e-03  -1.4008470459e+01
1.9800000000e-01   7.9189391439e-03  -1.3686627794e+01
2.0000000000e-01   7.6770516925e-03  -1.3374756253e+01
2.0200000000e-01   7.4491388456e-03  -1.3072277602e+01
2.0400000000e-01   7.2343100445e-03  -1.2778650945e+01
2.0600000000e-01   7.0317534911e-03  -1.2493369405e+01
2.0800000000e-01   6.8407286277e-03  -1.2215957131e+01
2.1000000000e-01   6.6605594990e-03  -1.1945966579e+01
2.1200000000e-01   6.4906288835e-03  -1.1682976052e+01
2.1400000000e-01   6.3303731023e-03  -1.1426587453e+01
2.1600000000e-01   6.1792774236e-03  -1.1176424242e+01
2.1800000000e-01   6.0368719930e-03  -1.0932129553e+01
2.2000000000e-01   5.9027282315e-03  -1.0693364481e+01
2.2200000000e-01   5.7764556481e-03  -1.0459806492e+01
2.2400000000e-01   5.6576990254e-03  -1.0231147956e+01
2.2600000000e-01   5.5461359379e-03  -1.0007094790e+01
2.2800000000e-01   5.4414745733e-03  -9.7873651862e+00
2.3000000000e-01   5.3434518274e-03  -9.5716884318e+00
2.3200000000e-01   5.2518316512e-03  -9.3598037906e+00
2.3400000000e-01   5.1664036286e-03  -9.1514594517e+00
2.3600000000e-01   5.0869817710e-03  -8.9464115286e+00
2.3800000000e-01   5.0134035143e-03  -8.7444231028e+00
2.4000000000e-01   4.9455289091e-03  -8.5452633037e+00
2.4200000000e-01   4.8832399963e-03  -8.3487064169e+00
2.4400000000e-01   4.8264403643e-03  -8.1545310145e+00
2.4600000000e-01   4.7750548853e-03  -7.9625190987e+00
2.4800000000e-01   4.7290296306e-03  -7.7724552528e+00
2.5000000000e-01   4.6883319702e-03  -7.5841257921e+00
2.5200000000e-01   4.6529508611e-03  -7.3973179063e+00
2.5400000000e-01   4.6228973339e-03  -7.2118187877e+00
2.5600000000e-01   4.5982051915e-03  -7.0274147344e+00
2.5800000000e-01   4.5789319346e-03  -6.8438902220e+00
2.6000000000e-01   4.5651599358e-03  -6.6610269329e+00
2.6200000000e-01   4.5569978871e-03  -6.4786027338e+00
2.6400000000e-01   4.5545825527e-03  -6.2963905883e+00
2.6600000000e-01   4.5580808640e-03  -6.1141573940e+00
2.6800000000e-01   4.5676924028e-03  -5.9316627272e+00
2.7000000000e-01   4.5836523273e-03  -5.7486574798e+00
2.7200000000e-01   4.6062348075e-03  -5.5648823698e+00
2.7400000000e-01   4.6357570483e-03  -5.3800663020e+00
2.7600000000e-01   4.6725839967e-03  -5.1939245553e+00
2.7800000000e-01   4.7171338476e-03  -5.0061567655e+00
2.8000000000e-01   4.7698844887e-03  -4.8164446702e+00
2.8200000000e-01   4.8313810523e-03  -4.6244495737e+00
2.8400000000e-01   4.9022447808e-03  -4.4298094851e+00
2.8600000000e-01   4.9831834567e-03  -4.2321358705e+00
2.8800000000e-01   5.0750037055e-03  -4.0310099527e+00
2.9000000000e-01   5.1786255519e-03  -3.8259784742e+00
2.9200000000e-01   5.2950996972e-03  -3.6165488260e+00
2.9400000000e-01   5.4256281053e-03  -3.4021834206e+00
2.9600000000e-01   5.5715886251e-03  -3.1822931645e+00
2.9800000000e-01   5.7345645693e-03  -2.9562298490e+00
3.0000000000e-01   5.9163804109e-03  -2.7232772407e+00
3.0200000000e-01   6.1191450749e-03  -2.4826405974e+00
3.0400000000e-01   6.3453047196e-03  -2.2334342699e+00
3.0600000000e-01   6.5977074479e-03  -1.9746669632e+00
3.0800000000e-01   6.8796831252e-03  -1.7052241186e+00
3.1000000000e-01   7.1951424584e-03  -1.4238467350e+00
3.1200000000e-01   7.5487008287e-03  -1.1291057513e+00
3.1400000000e-01   7.9458341958e-03  -8.1937086394e-01
3.1600000000e-01   8.3930769183e-03  -4.9277230690e-01
3.1800000000e-01   8.8982748739e-03  -1.4715366519e-01
3.2000000000e-01   9.4709122653e-03  2.1998683818e-01
3.2200000000e-01   1.0122537680e-02  6.1157001231e-01
3.2400000000e-01   1.0867325397e-02  1.0310289734e+00
3.2600000000e-01   1.1722823315e-02  1.4824284002e+00
3.2800000000e-01   1.2710961930e-02  1.9706186293e+00
3.3000000000e-01   1.3859433915e-02  2.5014370788e+00
3.3200000000e-01   1.5203608429e-02  3.0819748824e+00
3.3400000000e-01   1.6789230845e-02  3.7209347727e+00
3.3600000000e-01   1.8676298953e-02  4.4291188609e+00
3.3800000000e-01   2.0944740233e-02  5.2201048642e+00
3.4000000000e-01   2.3702914155e-02  6.1112015724e+00
3.4200000000e-01   2.7100668184e-02  7.1248280345e+00
3.4400000000e-01   3.1349964007e-02  8.2905531904e+00
3.4600000000e-01   3.6758539872e-02  9.6481969381e+00
3.4800000000e-01   4.3786951329e-02  1.1252698284e+01
3.5000000000e-01   5.3149569602e-02  1.3182048624e+01
3.5200000000e-01   6.6002988299e-02  1.5550805665e+01
3.5400000000e-01   8.4320332552e-02  1.8534376185e+01
3.5600000000e-01   1.1169498927e-01  2.2415612403e+01
3.5800000000e-01   1.5524514887e-01  2.7681969010e+01
3.6000000000e-01   2.3075186270e-01  3.5251355264e+01
3.6200000000e-01   3.7925246934e-01  4.7081898087e+01
3.6400000000e-01   7.3729666426e-01  6.8227818815e+01
3.6600000000e-01   2.0146927203e+00  1.1695612539e+02
3.6800000000e-01   1.6789174410e+01  3.4909488666e+02
3.7000000000e-01   2.1167850102e+01  -4.0487427223e+02
3.7200000000e-01   2.1765748821e+00  -1.3406144728e+02
3.7400000000e-01   7.7219034431e-01  -8.2229157658e+01
3.7600000000e-01   3.9188674930e-01  -6.0230824247e+01
3.7800000000e-01   2.3660622817e-01  -4.8052944174e+01
3.8000000000e-01   1.5835565611e-01  -4.0311486943e+01
3.8200000000e-01   1.1347909061e-01  -3.4950115253e+01
3.8400000000e-01   8.5377998439e-02  -3.1013367136e+01
3.8600000000e-01   6.6623084370e-02  -2.7996917444e+01
3.8800000000e-01   5.3484955731e-02  -2.5609424701e+01
3.9000000000e-01   4.3924576578e-02  -2.3670834240e+01
3.9200000000e-01   3.6750756925e-02  -2.2063872217e+01
3.9400000000e-01   3.1229768714e-02  -2.0708875751e+01
3.9600000000e-01   2.6889644030e-02  -1.9549833388e+01
3.9800000000e-01   2.3415614628e-02  -1.8546213350e+01
4.0000000000e-01   2.0591223449e-02  -1.7667960898e+01
4.0200000000e-01   1.8263653763e-02  -1.6892317994e+01
4.0400000000e-01   1.6322528072e-02  -1.6201735161e+01
4.0600000000e-01   1.4686511877e-02  -1.5582461623e+01
4.0800000000e-01   1.3294603313e-02  -1.5023569892e+01
4.1000000000e-01   1.2100324899e-02  -1.4516266231e+01
4.1200000000e-01   1.1067762747e-02  -1.4053393818e+01
4.1400000000e-01   1.0168810925e-02  -1.3629068550e+01
4.1600000000e-01   9.3812194219e-03  -1.3238407960e+01
4.1800000000e-01   8.6871886270e-03  -1.2877326592e+01
4.2000000000e-01   8.0723422077e-03  -1.2542379575e+01
4.2200000000e-01   7.5249662778e-03  -1.2230641658e+01
4.2400000000e-01   7.0354387851e-03  -1.1939612659e+01
4.2600000000e-01   6.5957966439e-03  -1.1667142837e+01
4.2800000000e-01   6.1994038814e-03  -1.1411373464e+01
4.3000000000e-01   5.8406947297e-03  -1.1170689091e+01
4.3200000000e-01   5.5149729246e-03  -1.0943678919e+01
4.3400000000e-01   5.2182535849e-03  -1.0729105301e+01
4.3600000000e-01   4.9471376525e-03  -1.0525877896e+01
4.3800000000e-01   4.6987114487e-03  -1.0333032317e+01
4.4000000000e-01   4.4704657661e-03  -1.0149712393e+01
4.4200000000e-01   4.2602302699e-03  -9.9751553468e+00
4.4400000000e-01   4.0661199859e-03  -9.8086793448e+00
4.4600000000e-01   3.8864913959e-03  -9.6496729912e+00
4.4800000000e-01   3.7199062172e-03  -9.4975864162e+00
4.5000000000e-01   3.5651013681e-03  -9.3519236858e+00
4.5200000000e-01   3.4209639396e-03  -9.2122363097e+00
4.5400000000e-01   3.2865102426e-03  -9.0781176652e+00
4.5600000000e-01   3.1608681895e-03  -8.9491981915e+00
4.5800000000e-01   3.0432624159e-03  -8.8251412310e+00
4.6000000000e-01   2.9330016681e-03  -8.7056394196e+00
4.6200000000e-01   2.8294680683e-03  -8.5904115429e+00
4.6400000000e-01   2.7321079460e-03  -8.4791997891e+00
4.6600000000e-01   2.6404239793e-03  -8.3717673418e+00
4.6800000000e-01   2.5539684366e-03  -8.2678962650e+00
4.7000000000e-01   2.4723373456e-03  -8.1673856385e+00
4.7200000000e-01   2.3951654482e-03  -8.0700499111e+00
4.7400000000e-01   2.3221218205e-03  -7.9757174415e+00
4.7600000000e-01   2.2529060618e-03  -7.8842292031e+00
4.7800000000e-01   2.1872449678e-03  -7.7954376310e+00
4.8000000000e-01   2.1248896200e-03  -7.7092055938e+00
4.8200000000e-01   2.0656128324e-03  -7.6254054740e+00
4.8400000000e-01   2.0092069066e-03  -7.5439183447e+00
4.8600000000e-01   1.9554816527e-03  -7.4646332308e+00
4.8800000000e-01   1.9042626414e-03  -7.3874464440e+00
4.9000000000e-01   1.8553896569e-03  -7.3122609840e+00
4.9200000000e-01   1.8087153236e-03  -7.2389859979e+00
4.9400000000e-01   1.7641038862e-03  -7.1675362919e+00
4.9600000000e-01   1.7214301228e-03  -7.0978318879e+00
4.9800000000e-01   1.6805783748e-03  -7.0297976228e+00
5.0000000000e-01   1.6414416804e-03  -6.9633627827e+00
5.0200000000e-01   1.6039209976e-03  -6.8984607717e+00
5.0400000000e-01   1.5679245077e-03  -6.8350288087e+00
5.0600000000e-01   1.5333669896e-03  -6.7730076514e+00
5.0800000000e-01   1.5001692563e-03  -6.7123413441e+00
5.1000000000e-01   1.4682576468e-03  -6.6529769863e+00
5.1200000000e-01   1.4375635679e-03  -6.5948645210e+00
5.1400000000e-01   1.4080230791e-03  -6.5379565408e+00
5.1600000000e-01   1.3795765179e-03  -6.4822081090e+00
5.1800000000e-01   1.3521681587e-03  -6.4275765956e+00
5.2000000000e-01   1.3257459042e-03  -6.3740215261e+00
5.2200000000e-01   1.3002610041e-03  -6.3215044422e+00
5.2400000000e-01   1.2756677996e-03  -6.2699887727e+00
5.2600000000e-01   1.2519234899e-03  -6.2194397150e+00
5.2800000000e-01   1.2289879198e-03  -6.1698241249e+00
5.3000000000e-01   1.2068233851e-03  -6.1211104148e+00
5.3200000000e-01   1.1853944545e-03  -6.0732684592e+00
5.3400000000e-01   1.1646678075e-03  -6.0262695072e+00
5.3600000000e-01   1.1446120844e-03  -5.9800861009e+00
5.3800000000e-01   1.1251977499e-03  -5.9346920001e+00
5.4000000000e-01   1.1063969667e-03  -5.8900621112e+00
5.4200000000e-01   1.0881834803e-03  -5.8461724225e+00
5.4400000000e-01   1.0705325121e-03  -5.8029999425e+00
5.4600000000e-01   1.0534206616e-03  -5.7605226429e+00
5.4800000000e-01   1.0368258157e-03  -5.7187194054e+00
5.5000000000e-01   1.0207270651e-03  -5.6775699718e+00
5.5200000000e-01   1.0051046273e-03  -5.6370548977e+00
5.5400000000e-01   9.8993977526e-04  -5.5971555085e+00
5.5600000000e-01   9.7521477121e-04  -5.5578538588e+00
5.5800000000e-01   9.6091280565e-04  -5.5191326938e+00
5.6000000000e-01   9.4701794059e-04  -5.4809754135e+00
5.6200000000e-01   9.3351505703e-04  -5.4433660390e+00
5.6400000000e-01   9.2038980615e-04  -5.4062891805e+00
5.6600000000e-01   9.0762856400e-04  -5.3697300074e+00
5.6800000000e-01   8.9521838936e-04  -5.3336742206e+00
5.7000000000e-01   8.8314698456e-04  -5.2981080253e+00
5.7200000000e-01   8.7140265903e-04  -5.2630181065e+00
5.7400000000e-01   8.5997429536e-04  -5.2283916052e+00
5.7600000000e-01   8.4885131765e-04  -5.1942160963e+00
5.7800000000e-01   8.3802366199e-04  -5.1604795673e+00
5.8000000000e-01   8.2748174904e-04  -5.1271703984e+00
5.8200000000e-01   8.1721645830e-04  -5.0942773439e+00
5.8400000000e-01   8.0721910416e-04  -5.0617895139e+00
5.8600000000e-01   7.9748141359e-04  -5.0296963579e+00
5.8800000000e-01   7.8799550520e-04  -4.9979876481e+00
5.9000000000e-01   7.7875386973e-04  -4.9666534647e+00
5.9200000000e-01   7.6974935181e-04  -4.9356841811e+00
5.9400000000e-01   7.6097513293e-04  -4.9050704499e+00
5.9600000000e-01   7.5242471549e-04  -4.8748031903e+00
5.9800000000e-01   7.4409190790e-04  -4.8448735750e+00
6.0000000000e-01   7.3597081066e-04  -4.8152730185e+00
6.0200000000e-01   7.2805580337e-04  -4.7859931658e+00
6.0400000000e-01   7.2034153255e-04  -4.7570258812e+00
6.0600000000e-01   7.1282290030e-04  -4.7283632381e+00
6.0800000000e-01   7.0549505374e-04  -4.6999975087e+00
6.1000000000e-01   6.9835337507e-04  -4.6719211547e+00
6.1200000000e-01   6.9139347241e-04  -4.6441268181e+00
6.1400000000e-01   6.8461117123e-04  -4.6166073120e+00
6.1600000000e-01   6.7800250636e-04  -4.5893556122e+00
6.1800000000e-01   6.7156371464e-04  -4.5623648494e+00
6.2000000000e-01   6.6529122803e-04  -4.5356283005e+00
6.2200000000e-01   6.5918166734e-04  -4.5091393816e+00
6.2400000000e-01   6.5323183636e-04  -4.4828916401e+00
6.2600000000e-01   6.4743871654e-04  -4.4568787479e+00
6.2800000000e-01   6.4179946211e-04  -4.4310944939e+00
6.3000000000e-01   6.3631139563e-04  -4.4055327777e+00
6.3200000000e-01   6.3097200398e-04  -4.3801876025e+00
6.3400000000e-01   6.2577893480e-04  -4.3550530689e+00
6.3600000000e-01   6.2072999327e-04  -4.3301233685e+00
6.3800000000e-01   6.1582313936e-04  -4.3053927774e+00
6.4000000000e-01   6.1105648545e-04  -4.2808556504e+00
6.4200000000e-01   6.0642829432e-04  -4.2565064147e+00
6.4400000000e-01   6.0193697757e-04  -4.2323395642e+00
6.4600000000e-01   5.9758109437e-04  -4.2083496531e+00
6.4800000000e-01   5.9335935066e-04  -4.1845312904e+00
6.5000000000e-01   5.8927059871e-04  -4.1608791341e+00
6.5200000000e-01   5.8531383706e-04  -4.1373878849e+00
6.5400000000e-01   5.8148821090e-04  -4.1140522809e+00
6.5600000000e-01   5.7779301281e-04  -4.0908670913e+00
6.5800000000e-01   5.7422768400e-04  -4.0678271105e+00
6.6000000000e-01   5.7079181591e-04  -4.0449271526e+00
6.6200000000e-01   5.6748515227e-04  -4.0221620447e+00
6.6400000000e-01   5.6430759171e-04  -3.9995266213e+00
6.6600000000e-01   5.6125919075e-04  -3.9770157175e+00
6.6800000000e-01   5.5834016736e-04  -3.9546241632e+00
6.7000000000e-01   5.5555090510e-04  -3.9323467762e+00
6.7200000000e-01   5.5289195776e-04  -3.9101783555e+00
6.7400000000e-01   5.5036405464e-04  -3.8881136746e+00
6.7600000000e-01   5.4796810649e-04  -3.8661474740e+00
6.7800000000e-01   5.4570521214e-04  -3.8442744543e+00
6.8000000000e-01   5.4357666583e-04  -3.8224892681e+00
6.8200000000e-01   5.4158396539e-04  -3.8007865121e+00
6.8400000000e-01   5.3972882126e-04  -3.7791607192e+00
6.8600000000e-01   5.3801316637e-04  -3.7576063490e+00
6.8800000000e-01   5.3643916713e-04  -3.7361177796e+00
6.9000000000e-01   5.3500923537e-04  -3.7146892973e+00
6.9200000000e-01   5.3372604159e-04  -3.6933150868e+00
6.9400000000e-01   5.3259252934e-04  -3.6719892208e+00
6.9600000000e-01   5.3161193114e-04  -3.6507056483e+00
6.9800000000e-01   5.3078778578e-04  -3.6294581830e+00
7.0000000000e-01   5.3012395737e-04  -3.6082404907e+00
7.0200000000e-01   5.2962465616e-04  -3.5870460756e+00
7.0400000000e-01   5.2929446142e-04  -3.5658682665e+00
7.0600000000e-01   5.2913834644e-04  -3.5447002008e+00
7.0800000000e-01   5.2916170595e-04  -3.5235348089e+00
7.1000000000e-01   5.2937038631e-04  -3.5023647966e+00
7.1200000000e-01   5.2977071850e-04  -3.4811826261e+00
7.1400000000e-01   5.3036955448e-04  -3.4599804960e+00
7.1600000000e-01   5.3117430706e-04  -3.4387503199e+00
7.1800000000e-01   5.3219299391e-04  -3.4174837028e+00
7.2000000000e-01   5.3343428588e-04  -3.3961719163e+00
7.2200000000e-01   5.3490756034e-04  -3.3748058711e+00
7.2400000000e-01   5.3662296011e-04  -3.3533760876e+00
7.2600000000e-01   5.3859145846e-04  -3.3318726642e+00
7.2800000000e-01   5.4082493106e-04  -3.3102852428e+00
7.3000000000e-01   5.4333623573e-04  -3.2886029704e+00
7.3200000000e-01   5.4613930082e-04  -3.2668144591e+00
7.3400000000e-01   5.4924922338e-04  -3.2449077406e+00
7.3600000000e-01   5.5268237843e-04  -3.2228702175e+00
7.3800000000e-01   5.5645654056e-04  -3.2006886100e+00
7.4000000000e-01   5.6059101971e-04  -3.1783488968e+00
7.4200000000e-01   5.6510681289e-04  -3.1558362514e+00
7.4400000000e-01   5.7002677397e-04  -3.1331349705e+00
7.4600000000e-01   5.7537580418e-04  -3.1102283967e+00
7.4800000000e-01   5.8118106607e-04  -3.0870988318e+00
7.5000000000e-01   5.8747222443e-04  -3.0637274421e+00
7.5200000000e-01   5.9428171798e-04  -3.0400941527e+00
7.5400000000e-01   6.0164506650e-04  -3.0161775307e+00
7.5600000000e-01   6.0960121861e-04  -2.9919546549e+00
7.5800000000e-01   6.1819294675e-04  -2.9674009714e+00
7.6000000000e-01   6.2746729643e-04  -2.9424901311e+00
7.6200000000e-01   6.3747609872e-04  -2.9171938096e+00
7.6400000000e-01   6.4827655625e-04  -2.8914815037e+00
7.6600000000e-01   6.5993191498e-04  -2.8653203037e+00
7.6800000000e-01   6.7251223639e-04  -2.8386746365e+00
7.7000000000e-01   6.8609528773e-04  -2.8115059756e+00
7.7200000000e-01   7.0076757111e-04  -2.7837725129e+00
7.7400000000e-01   7.1662551712e-04  -2.7554287859e+00
7.7600000000e-01   7.3377687339e-04  -2.7264252534e+00
7.7800000000e-01   7.5234232548e-04  -2.6967078116e+00
7.8000000000e-01   7.7245739566e-04  -2.6662172392e+00
7.8200000000e-01   7.9427467521e-04  -2.6348885609e+00
7.8400000000e-01   8.1796645902e-04  -2.6026503132e+00
7.8600000000e-01   8.4372786753e-04  -2.5694236955e+00
7.8800000000e-01   8.7178056169e-04  -2.5351215853e+00
7.9000000000e-01   9.0237718339e-04  -2.4996473901e+00
7.9200000000e-01   9.3580668778e-04  -2.4628937050e+00
7.9400000000e-01   9.7240077833e-04  -2.4247407358e+00
7.9600000000e-01   1.0125417130e-03  -2.3850544373e+00
7.9800000000e-01   1.0566718262e-03  -2.3436843080e+00
8.0000000000e-01   1.1053052106e-03  -2.3004607609e+00
8.0200000000e-01   1.1590421390e-03  -2.2551919751e+00
8.0400000000e-01   1.2185869839e-03  -2.2076601038e+00
8.0600000000e-01   1.2847706411e-03  -2.1576166782e+00
8.0800000000e-01   1.3585787978e-03  -2.1047770041e+00
8.1000000000e-01   1.4411878534e-03  -2.0488132806e+00
8.1200000000e-01   1.5340109563e-03  -1.9893460899e+00
8.1400000000e-01   1.6387575475e-03  -1.9259337884e+00
8.1600000000e-01   1.7575111378e-03  -1.8580591703e+00
8.1800000000e-01   1.8928319914e-03  -1.7851125478e+00
8.2000000000e-01   2.0478942632e-03  -1.7063700739e+00
8.2200000000e-01   2.2266714680e-03  -1.6209656675e+00
8.2400000000e-01   2.4341907729e-03  -1.5278542275e+00
8.2600000000e-01   2.6768869267e-03  -1.4257628068e+00
8.2800000000e-01   2.9631030762e-03  -1.3131248872e+00
8.3000000000e-01   3.3038125026e-03  -1.1879905104e+00
8.3200000000e-01   3.7136801020e-03  -1.0479012444e+00
8.3400000000e-01   4.2126594753e-03  -8.8971281399e-01
8.3600000000e-01   4.8284583294e-03  -7.0933791771e-01
8.3800000000e-01   5.6004568126e-03  -5.0136393705e-01
8.4000000000e-01   6.5861465859e-03  -2.5846826923e-01
8.4200000000e-01   7.8721297974e-03  2.9505799291e-02
8.4400000000e-01   9.5937795911e-03  3.7706725034e-01
8.4600000000e-01   1.1972334198e-02  8.0568845757e-01
8.4800000000e-01   1.5389620818e-02  1.3485524326e+00
8.5000000000e-01   2.0551314964e-02  2.0597968143e+00
8.5200000000e-01   2.8882586882e-02  3.0341554351e+00
8.5400000000e-01   4.3628359090e-02  4.4537891993e+00
8.5600000000e-01   7.3565687894e-02  6.7193823110e+00
8.5800000000e-01   1.4986957101e-01  1.0918141413e+01
8.6000000000e-01   4.5827295714e-01  2.1394965395e+01
8.6200000000e-01   7.2768666384e+00  9.4111453275e+01
8.6400000000e-01   1.8339470418e+00  -5.1892392963e+01
8.6600000000e-01   2.9374214130e-01  -2.2578133019e+01
8.6800000000e-01   1.1487085834e-01  -1.5233651229e+01
8.7000000000e-01   6.0857949725e-02  -1.1890087091e+01
8.7200000000e-01   3.7651818046e-02  -9.9757281786e+00
8.7400000000e-01   2.5603690890e-02  -8.7339946502e+00
8.7600000000e-01   1.8557131911e-02  -7.8622323217e+00
8.7800000000e-01   1.4082863344e-02  -7.2156897957e+00
8.8000000000e-01   1.1065590382e-02  -6.7164232420e+00
8.8200000000e-01   8.9349545774e-03  -6.3187412476e+00
8.8400000000e-01   7.3746500976e-03  -5.9940865846e+00
8.8600000000e-01   6.1978040725e-03  -5.7236929925e+00
8.8800000000e-01   5.2882546616e-03  -5.4947203131e+00
8.9000000000e-01   4.5707142186e-03  -5.2980863934e+00
8.9200000000e-01   3.9946506746e-03  -5.1271859409e+00
8.9400000000e-01   3.5251251530e-03  -4.9771000309e+00
8.9600000000e-01   3.1373550054e-03  -4.8440901934e+00
8.9800000000e-01   2.8133665558e-03  -4.7252643205e+00
9.0000000000e-01   2.5398675988e-03  -4.6183499610e+00
9.0200000000e-01   2.3068569031e-03  -4.5215367807e+00
9.0400000000e-01   2.1066927451e-03  -4.4333647600e+00
9.0600000000e-01   1.9334551162e-03  -4.3526433519e+00
9.0800000000e-01   1.7825003644e-03  -4.2783920404e+00
9.1000000000e-01   1.6501446641e-03  -4.2097959682e+00
9.1200000000e-01   1.5334354204e-03  -4.1461723577e+00
9.1400000000e-01   1.4299837589e-03  -4.0869447820e+00
9.1600000000e-01   1.3378401322e-03  -4.0316232247e+00
9.1800000000e-01   1.2554008122e-03  -3.9797884641e+00
9.2000000000e-01   1.1813368037e-03  -3.9310797260e+00
9.2200000000e-01   1.1145392405e-03  -3.8851848337e+00
9.2400000000e-01   1.0540770353e-03  -3.8418322850e+00
9.2600000000e-01   9.9916373983e-04  -3.8007848305e+00
9.2800000000e-01   9.4913139381e-04  -3.7618342312e+00
9.3000000000e-01   9.0340972913e-04  -3.7247969510e+00
9.3200000000e-01   8.6150951052e-04  -3.6895105939e+00
9.3400000000e-01   8.2300909903e-04  -3.6558309412e+00
9.3600000000e-01   7.8754354474e-04  -3.6236294731e+00
9.3800000000e-01   7.5479567897e-04  -3.5927912851e+00
9.4000000000e-01   7.2448879777e-04  -3.5632133283e+00
9.4200000000e-01   6.9638061989e-04  -3.5348029149e+00
9.4400000000e-01   6.7025827175e-04  -3.5074764452e+00
9.4600000000e-01   6.4593410454e-04  -3.4811583171e+00
9.4800000000e-01   6.2324218946e-04  -3.4557799891e+00
9.5000000000e-01   6.0203536812e-04  -3.4312791726e+00
9.5200000000e-01   5.8218275997e-04  -3.4075991323e+00
9.5400000000e-01   5.6356764757e-04  -3.3846880780e+00
9.5600000000e-01   5.4608567552e-04  -3.3624986357e+00
9.5800000000e-01   5.2964331111e-04  -3.3409873841e+00
9.6000000000e-01   5.1415652407e-04  -3.3201144494e+00
9.6200000000e-01   4.9954965046e-04  -3.2998431480e+00
9.6400000000e-01   4.8575441195e-04  -3.2801396720e+00
9.6600000000e-01   4.7270906669e-04  -3.2609728115e+00
9.6800000000e-01   4.6035767190e-04  -3.2423137078e+00
9.7000000000e-01   4.4864944179e-04  -3.2241356350e+00
9.7200000000e-01   4.3753818688e-04  -3.2064138046e+00
9.7400000000e-01   4.2698182320e-04  -3.1891251924e+00
9.7600000000e-01   4.1694194158e-04  -3.1722483824e+00
9.7800000000e-01   4.0738342875e-04  -3.1557634281e+00
9.8000000000e-01   3.9827413327e-04  -3.1396517272e+00
9.8200000000e-01   3.8958457030e-04  -3.1238959091e+00
9.8400000000e-01   3.8128766018e-04  -3.1084797337e+00
9.8600000000e-01   3.7335849638e-04  -3.0933880000e+00
9.8800000000e-01   3.6577413923e-04  -3.0786064631e+00
9.9000000000e-01   3.5851343210e-04  -3.0641217597e+00
9.9200000000e-01   3.5155683736e-04  -3.0499213395e+00
9.9400000000e-01   3.4488628962e-04  -3.0359934041e+00
9.9600000000e-01   3.3848506435e-04  -3.0223268504e+00
9.9800000000e-01   3.3233765993e-04  -3.0089112194e+00
1.0000000000e+00   3.2642969166e-04  -2.9957366495e+00
1.0020000000e+00   3.2074779631e-04  -2.9827938339e+00
1.0040000000e+00   3.1527954611e-04  -2.9700739812e+00
1.0060000000e+00   3.1001337103e-04  -2.9575687796e+00
1.0080000000e+00   3.0493848851e-04  -2.9452703644e+00
1.0100000000e+00   3.0004483985e-04  -2.9331712874e+00
1.0120000000e+00   2.9532303247e-04  -2.9212644892e+00
1.0140000000e+00   2.9076428751e-04  -2.9095432736e+00
1.0160000000e+00   2.8636039218e-04  -2.8980012843e+00
1.0180000000e+00   2.8210365637e-04  -2.8866324828e+00
1.0200000000e+00   2.7798687310e-04  -2.8754311283e+00
1.0220000000e+00   2.7400328241e-04  -2.8643917594e+00
1.0240000000e+00   2.7014653837e-04  -2.8535091767e+00
1.0260000000e+00   2.6641067891e-04  -2.8427784267e+00
1.0280000000e+00   2.6279009821e-04  -2.8321947874e+00
1.0300000000e+00   2.5927952130e-04  -2.8217537541e+00
1.0320000000e+00   2.5587398084e-04  -2.8114510271e+00
1.0340000000e+00   2.5256879575e-04  -2.8012824994e+00
1.0360000000e+00   2.4935955155e-04  -2.7912442459e+00
1.0380000000e+00   2.4624208228e-04  -2.7813325132e+00
1.0400000000e+00   2.4321245382e-04  -2.7715437097e+00
1.0420000000e+00   2.4026694848e-04  -2.7618743968e+00
1.0440000000e+00   2.3740205087e-04  -2.7523212805e+00
1.0460000000e+00   2.3461443474e-04  -2.7428812036e+00
1.0480000000e+00   2.3190095082e-04  -2.7335511386e+00
1.0500000000e+00   2.2925861567e-04  -2.7243281802e+00
1.0520000000e+00   2.2668460118e-04  -2.7152095396e+00
1.0540000000e+00   2.2417622502e-04  -2.7061925381e+00
1.0560000000e+00   2.2173094159e-04  -2.6972746015e+00
1.0580000000e+00   2.1934633380e-04  -2.6884532548e+00
1.0600000000e+00   2.1702010527e-04  -2.6797261174e+00
1.0620000000e+00   2.1475007321e-04  -2.6710908981e+00
1.0640000000e+00   2.1253416166e-04  -2.6625453909e+00
1.0660000000e+00   2.1037039535e-04  -2.6540874708e+00
1.0680000000e+00   2.0825689381e-04  -2.6457150899e+00
1.0700000000e+00   2.0619186602e-04  -2.6374262738e+00
1.0720000000e+00   2.0417360533e-04  -2.6292191179e+00
1.0740000000e+00   2.0220048474e-04  -2.6210917843e+00
1.0760000000e+00   2.0027095249e-04  -2.6130424987e+00
1.0780000000e+00   1.9838352797e-04  -2.6050695474e+00
1.0800000000e+00   1.9653679783e-04  -2.5971712746e+00
1.0820000000e+00   1.9472941236e-04  -2.5893460797e+00
1.0840000000e+00   1.9296008215e-04  -2.5815924148e+00
1.0860000000e+00   1.9122757491e-04  -2.5739087828e+00
1.0880000000e+00   1.8953071246e-04  -2.5662937342e+00
1.0900000000e+00   1.8786836800e-04  -2.5587458661e+00
1.0920000000e+00   1.8623946347e-04  -2.5512638195e+00
1.0940000000e+00   1.8464296707e-04  -2.5438462775e+00
1.0960000000e+00   1.8307789103e-04  -2.5364919637e+00
1.0980000000e+00   1.8154328933e-04  -2.5291996404e+00
1.1000000000e+00   1.8003825577e-04  -2.5219681068e+00
1.1020000000e+00   1.7856192201e-04  -2.5147961978e+00
1.1040000000e+00   1.7711345574e-04  -2.5076827820e+00
1.1060000000e+00   1.7569205905e-04  -2.5006267609e+00
1.1080000000e+00   1.7429696678e-04  -2.4936270670e+00
1.1100000000e+00   1.7292744504e-04  -2.4866826630e+00
1.1120000000e+00   1.7158278981e-04  -2.4797925403e+00
1.1140000000e+00   1.7026232558e-04  -2.4729557177e+00
1.1160000000e+00   1.6896540412e-04  -2.4661712407e+00
1.1180000000e+00   1.6769140330e-04  -2.4594381801e+00
1.1200000000e+00   1.6643972597e-04  -2.4527556312e+00
1.1220000000e+00   1.6520979892e-04  -2.4461227124e+00
1.1240000000e+00   1.6400107189e-04  -2.4395385650e+00
1.1260000000e+00   1.6281301666e-04  -2.4330023514e+00
1.1280000000e+00   1.6164512618e-04  -2.4265132551e+00
1.1300000000e+00   1.6049691374e-04  -2.4200704793e+00
1.1320000000e+00   1.5936791221e-04  -2.4136732462e+00
1.1340000000e+00   1.5825767335e-04  -2.4073207965e+00
1.1360000000e+00   1.5716576707e-04  -2.4010123882e+00
1.1380000000e+00   1.5609178089e-04  -2.3947472965e+00
1.1400000000e+00   1.5503531927e-04  -2.3885248124e+00
1.1420000000e+00   1.5399600315e-04  -2.3823442426e+00
1.1440000000e+00   1.5297346936e-04  -2.3762049087e+00
1.1460000000e+00   1.5196737020e-04  -2.3701061462e+00
1.1480000000e+00   1.5097737303e-04  -2.3640473046e+00
1.1500000000e+00   1.5000315982e-04  -2.3580277462e+00
1.1520000000e+00   1.4904442681e-04  -2.3520468457e+00
1.1540000000e+00   1.4810088424e-04  -2.3461039898e+00
1.1560000000e+00   1.4717225598e-04  -2.3401985764e+00
1.1580000000e+00   1.4625827934e-04  -2.3343300142e+00
1.1600000000e+00   1.4535870480e-04  -2.3284977222e+00
1.1620000000e+00   1.4447329587e-04  -2.3227011292e+00
1.1640000000e+00   1.4360182895e-04  -2.3169396729e+00
1.1660000000e+00   1.4274409314e-04  -2.3112128000e+00
1.1680000000e+00   1.4189989026e-04  -2.3055199652e+00
1.1700000000e+00   1.4106903477e-04  -2.2998606310e+00
1.1720000000e+00   1.4025135375e-04  -2.2942342670e+00
1.1740000000e+00   1.3944668700e-04  -2.2886403494e+00
1.1760000000e+00   1.3865488706e-04  -2.2830783607e+00
1.1780000000e+00   1.3787581943e-04  -2.2775477889e+00
1.1800000000e+00   1.3710936264e-04  -2.2720481272e+00
1.1820000000e+00   1.3635540860e-04  -2.2665788734e+00
1.1840000000e+00   1.3561386280e-04  -2.2611395293e+00
1.1860000000e+00   1.3488464469e-04  -2.2557296003e+00
1.1880000000e+00   1.3416768810e-04  -2.2503485945e+00
1.1900000000e+00   1.3346294171e-04  -2.2449960226e+00
1.1920000000e+00   1.3277036960e-04  -2.2396713970e+00
1.1940000000e+00   1.3208995189e-04  -2.2343742312e+00
1.1960000000e+00   1.3142168550e-04  -2.2291040391e+00
1.1980000000e+00   1.3076558493e-04  -2.2238603344e+00
1.2000000000e+00   1.3012168325e-04  -2.2186426298e+00
1.2020000000e+00   1.2949003312e-04  -2.2134504366e+00
1.2040000000e+00   1.2887070801e-04  -2.2082832631e+00
1.2060000000e+00   1.2826380355e-04  -2.2031406145e+00
1.2080000000e+00   1.2766943905e-04  -2.1980219918e+00
1.2100000000e+00   1.2708775921e-04  -2.1929268905e+00
1.2120000000e+00   1.2651893601e-04  -2.1878547999e+00
1.2140000000e+00   1.2596317092e-04  -2.1828052017e+00
1.2160000000e+00   1.2542069728e-04  -2.1777775692e+00
1.2180000000e+00   1.2489178309e-04  -2.1727713654e+00
1.2200000000e+00   1.2437673405e-04  -2.1677860419e+00
1.2220000000e+00   1.2387589703e-04  -2.1628210374e+00
1.2240000000e+00   1.2338966404e-04  -2.1578757757e+00
1.2260000000e+00   1.2291847665e-04  -2.1529496640e+00
1.2280000000e+00   1.2246283096e-04  -2.1480420907e+00
1.2300000000e+00   1.2202328342e-04  -2.1431524232e+00
1.2320000000e+00   1.2160045717e-04  -2.1382800053e+00
1.2340000000e+00   1.2119504954e-04  -2.1334241547e+00
1.2360000000e+00   1.2080784037e-04  -2.1285841591e+00
1.2380000000e+00   1.2043970169e-04  -2.1237592735e+00
1.2400000000e+00   1.2009160872e-04  -2.1189487161e+00
1.2420000000e+00   1.1976465257e-04  -2.1141516634e+00
1.2440000000e+00   1.1946005477e-04  -2.1093672462e+00
1.2460000000e+00   1.1917918422e-04  -2.1045945431e+00
1.2480000000e+00   1.1892357661e-04  -2.0998325751e+00
1.2500000000e+00   1.1869495721e-04  -2.0950802977e+00
1.2520000000e+00   1.1849526722e-04  -2.0903365934e+00
1.2540000000e+00   1.1832669478e-04  -2.0856002621e+00
1.2560000000e+00   1.1819171118e-04  -2.0808700107e+00
1.2580000000e+00   1.1809311368e-04  -2.0761444408e+00
1.2600000000e+00   1.1803407598e-04  -2.0714220350e+00
1.2620000000e+00   1.1801820831e-04  -2.0667011401e+00
1.2640000000e+00   1.1804962893e-04  -2.0619799488e+00
1.2660000000e+00   1.1813304987e-04  -2.0572564776e+00
1.2680000000e+00   1.1827388003e-04  -2.0525285407e+00
1.2700000000e+00   1.1847834997e-04  -2.0477937202e+00
1.2720000000e+00   1.1875366361e-04  -2.0430493298e+00
1.2740000000e+00   1.1910818368e-04  -2.0382923729e+00
1.2760000000e+00   1.1955165990e-04  -2.0335194913e+00
1.2780000000e+00   1.2009551146e-04  -2.0287269044e+00
1.2800000000e+00   1.2075317897e-04  -2.0239103358e+00
1.2820000000e+00   1.2154056633e-04  -2.0190649240e+00
1.2840000000e+00   1.2247659955e-04  -2.0141851127e+00
1.2860000000e+00   1.2358393945e-04  -2.0092645168e+00
1.2880000000e+00   1.2488989847e-04  -2.0042957552e+00
1.2900000000e+00   1.2642763139e-04  -1.9992702418e+00
1.2920000000e+00   1.2823769754e-04  -1.9941779223e+00
1.2940000000e+00   1.3037013314e-04  -1.9890069385e+00
1.2960000000e+00   1.3288723337e-04  -1.9837431963e+00
1.2980000000e+00   1.3586733628e-04  -1.9783698035e+00
1.3000000000e+00   1.3941004298e-04  -1.9728663299e+00
1.3020000000e+00   1.4364353275e-04  -1.9672078183e+00
1.3040000000e+00   1.4873499214e-04  -1.9613634458e+00
1.3060000000e+00   1.5490577027e-04  -1.9552946796e+00
1.3080000000e+00   1.6245387679e-04  -1.9489526912e+00
1.3100000000e+00   1.7178818830e-04  -1.9422746548e+00
1.3120000000e+00   1.8348188264e-04  -1.9351783258e+00
1.3140000000e+00   1.9835852317e-04  -1.9275538883e+00
1.3160000000e+00   2.1763575548e-04  -1.9192513197e+00
1.3180000000e+00   2.4317529639e-04  -1.9100601050e+00
1.3200000000e+00   2.7793957614e-04  -1.8996752932e+00
1.3220000000e+00   3.2687609380e-04  -1.8876378098e+00
1.3240000000e+00   3.9875706552e-04  -1.8732229485e+00
1.3260000000e+00   5.1036529187e-04  -1.8552156792e+00
1.3280000000e+00   6.9719207042e-04  -1.8314114476e+00
1.3300000000e+00   1.0454445339e-03  -1.7973511888e+00
1.3320000000e+00   1.8124264153e-03  -1.7424493958e+00
1.3340000000e+00   4.0839794144e-03  -1.6339697527e+00
1.3360000000e+00   1.7657449756e-02  -1.2956108970e+00
1.3380000000e+00   1.6907505149e+00  -7.9791641272e+00
1.3400000000e+00   1.2365305163e-02  -2.4630695448e+00
1.3420000000e+00   3.4283142386e-03  -2.2035632238e+00
1.3440000000e+00   1.6167011940e-03  -2.1096751576e+00
1.3460000000e+00   9.6082891794e-04  -2.0599553230e+00
1.3480000000e+00   6.5161244706e-04  -2.0283811364e+00
1.3500000000e+00   4.8160291012e-04  -2.0060211001e+00
1.3520000000e+00   3.7816710390e-04  -1.9889825167e+00
1.3540000000e+00   3.1053499910e-04  -1.9752973398e+00
1.3560000000e+00   2.6385944284e-04  -1.9638635152e+00
1.3580000000e+00   2.3026195333e-04  -1.9540158450e+00
1.3600000000e+00   2.0524665569e-04  -1.9453290267e+00
1.3620000000e+00   1.8609612266e-04  -1.9375184397e+00
1.3640000000e+00   1.7108939530e-04  -1.9303864085e+00
1.3660000000e+00   1.5909361431e-04  -1.9237913492e+00
1.3680000000e+00   1.4933835623e-04  -1.9176291837e+00
1.3700000000e+00   1.4128489236e-04  -1.9118216851e+00
1.3720000000e+00   1.3454733606e-04  -1.9063089141e+00
1.3740000000e+00   1.2884341116e-04  -1.9010441652e+00
1.3760000000e+00   1.2396277496e-04  -1.8959905002e+00
1.3780000000e+00   1.1974609010e-04  -1.8911183178e+00
1.3800000000e+00   1.1607087033e-04  -1.8864036144e+00
1.3820000000e+00   1.1284170553e-04  -1.8818267171e+00
1.3840000000e+00   1.0998338330e-04  -1.8773713463e+00
1.3860000000e+00   1.0743596610e-04  -1.8730239114e+00
1.3880000000e+00   1.0515121343e-04  -1.8687729752e+00
1.3900000000e+00   1.0308994491e-04  -1.8646088414e+00
1.3920000000e+00   1.0122007170e-04  -1.8605232333e+00
1.3940000000e+00   9.9515109477e-05  -1.8565090416e+00
1.3960000000e+00   9.7953042906e-05  -1.8525601233e+00
1.3980000000e+00   9.6515449715e-05  -1.8486711419e+00
1.4000000000e+00   9.5186818748e-05  -1.8448374373e+00
1.4020000000e+00   9.3954014388e-05  -1.8410549211e+00
1.4040000000e+00   9.2805852507e-05  -1.8373199897e+00
1.4060000000e+00   9.1732762189e-05  -1.8336294538e+00
1.4080000000e+00   9.0726513945e-05  -1.8299804792e+00
1.4100000000e+00   8.9779999892e-05  -1.8263705377e+00
1.4120000000e+00   8.8887054843e-05  -1.8227973662e+00
1.4140000000e+00   8.8042309842e-05  -1.8192589317e+00
1.4160000000e+00   8.7241071577e-05  -1.8157534023e+00
1.4180000000e+00   8.6479222577e-05  -1.8122791217e+00
1.4200000000e+00   8.5753138207e-05  -1.8088345884e+00
1.4220000000e+00   8.5059617290e-05  -1.8054184371e+00
1.4240000000e+00   8.4395823877e-05  -1.8020294233e+00
1.4260000000e+00   8.3759238141e-05  -1.7986664090e+00
1.4280000000e+00   8.3147614817e-05  -1.7953283519e+00
1.4300000000e+00   8.2558947884e-05  -1.7920142942e+00
1.4320000000e+00   8.1991440432e-05  -1.7887233544e+00
1.4340000000e+00   8.1443478875e-05  -1.7854547188e+00
1.4360000000e+00   8.0913610800e-05  -1.7822076352e+00
1.4380000000e+00   8.0400525883e-05  -1.7789814065e+00
1.4400000000e+00   7.9903039385e-05  -1.7757753855e+00
1.4420000000e+00   7.9420077852e-05  -1.7725889700e+00
1.4440000000e+00   7.8950666681e-05  -1.7694215988e+00
1.4460000000e+00   7.8493919272e-05  -1.7662727480e+00
1.4480000000e+00   7.8049027558e-05  -1.7631419274e+00
1.4500000000e+00   7.7615253692e-05  -1.7600286778e+00
1.4520000000e+00   7.7191922755e-05  -1.7569325681e+00
1.4540000000e+00   7.6778416329e-05  -1.7538531932e+00
1.4560000000e+00   7.6374166826e-05  -1.7507901715e+00
1.4580000000e+00   7.5978652468e-05  -1.7477431435e+00
1.4600000000e+00   7.5591392846e-05  -1.7447117694e+00
1.4620000000e+00   7.5211944967e-05  -1.7416957281e+00
1.4640000000e+00   7.4839899738e-05  -1.7386947153e+00
1.4660000000e+00   7.4474878833e-05  -1.7357084426e+00
1.4680000000e+00   7.4116531891e-05  -1.7327366361e+00
1.4700000000e+00   7.3764534010e-05  -1.7297790355e+00
1.4720000000e+00   7.3418583500e-05  -1.7268353929e+00
1.4740000000e+00   7.3078399864e-05  -1.7239054720e+00
1.4760000000e+00   7.2743721986e-05  -1.7209890476e+00
1.4780000000e+00   7.2414306490e-05  -1.7180859042e+00
1.4800000000e+00   7.2089926268e-05  -1.7151958360e+00
1.4820000000e+00   7.1770369146e-05  -1.7123186459e+00
1.4840000000e+00   7.1455436674e-05  -1.7094541449e+00
1.4860000000e+00   7.1144943035e-05  -1.7066021518e+00
1.4880000000e+00   7.0838714052e-05  -1.7037624926e+00
1.4900000000e+00   7.0536586282e-05  -1.7009350001e+00
1.4920000000e+00   7.0238406200e-05  -1.6981195132e+00
1.4940000000e+00   6.9944029447e-05  -1.6953158769e+00
1.4960000000e+00   6.9653320149e-05  -1.6925239420e+00
1.4980000000e+00   6.9366150292e-05  -1.6897435642e+00
1.5000000000e+00   6.9082399154e-05  -1.6869746044e+00
1.5020000000e+00   6.8801952784e-05  -1.6842169283e+00
1.5040000000e+00   6.8524703518e-05  -1.6814704056e+00
1.5060000000e+00   6.8250549547e-05  -1.6787349108e+00
1.5080000000e+00   6.7979394510e-05  -1.6760103218e+00
1.5100000000e+00   6.7711147124e-05  -1.6732965205e+00
1.5120000000e+00   6.7445720842e-05  -1.6705933924e+00
1.5140000000e+00   6.7183033541e-05  -1.6679008263e+00
1.5160000000e+00   6.6923007229e-05  -1.6652187143e+00
1.5180000000e+00   6.6665567781e-05  -1.6625469513e+00
1.5200000000e+00   6.6410644689e-05  -1.6598854354e+00
1.5220000000e+00   6.6158170832e-05  -1.6572340671e+00
1.5240000000e+00   6.5908082270e-05  -1.6545927499e+00
1.5260000000e+00   6.5660318041e-05  -1.6519613896e+00
1.5280000000e+00   6.5414819984e-05  -1.6493398943e+00
1.5300000000e+00   6.5171532570e-05  -1.6467281746e+00
1.5320000000e+00   6.4930402741e-05  -1.6441261430e+00
1.5340000000e+00   6.4691379769e-05  -1.6415337143e+00
1.5360000000e+00   6.4454415119e-05  -1.6389508052e+00
1.5380000000e+00   6.4219462321e-05  -1.6363773343e+00
1.5400000000e+00   6.3986476855e-05  -1.6338132220e+00
1.5420000000e+00   6.3755416041e-05  -1.6312583905e+00
1.5440000000e+00   6.3526238935e-05  -1.6287127636e+00
1.5460000000e+00   6.3298906234e-05  -1.6261762668e+00
1.5480000000e+00   6.3073380189e-05  -1.6236488271e+00
1.5500000000e+00   6.2849624519e-05  -1.6211303728e+00
1.5520000000e+00   6.2627604332e-05  -1.6186208340e+00
1.5540000000e+00   6.2407286056e-05  -1.6161201418e+00
1.5560000000e+00   6.2188637368e-05  -1.6136282289e+00
1.5580000000e+00   6.1971627128e-05  -1.6111450290e+00
1.5600000000e+00   6.1756225322e-05  -1.6086704773e+00
1.5620000000e+00   6.1542403004e-05  -1.6062045100e+00
1.5640000000e+00   6.1330132243e-05  -1.6037470644e+00
1.5660000000e+00   6.1119386072e-05  -1.6012980791e+00
1.5680000000e+00   6.0910138442e-05  -1.5988574936e+00
1.5700000000e+00   6.0702364180e-05  -1.5964252484e+00
1.5720000000e+00   6.0496038942e-05  -1.5940012851e+00
1.5740000000e+00   6.0291139178e-05  -1.5915855463e+00
1.5760000000e+00   6.0087642097e-05  -1.5891779753e+00
1.5780000000e+00   5.9885525624e-05  -1.5867785165e+00
1.5800000000e+00   5.9684768376e-05  -1.5843871152e+00
1.5820000000e+00   5.9485349626e-05  -1.5820037173e+00
1.5840000000e+00   5.9287249274e-05  -1.5796282696e+00
1.5860000000e+00   5.9090447822e-05  -1.5772607200e+00
1.5880000000e+00   5.8894926345e-05  -1.5749010168e+00
1.5900000000e+00   5.8700666466e-05  -1.5725491091e+00
1.5920000000e+00   5.8507650335e-05  -1.5702049469e+00
1.5940000000e+00   5.8315860605e-05  -1.5678684807e+00
1.5960000000e+00   5.8125280412e-05  -1.5655396619e+00
1.5980000000e+00   5.7935893352e-05  -1.5632184424e+00
1.6000000000e+00   5.7747683467e-05  -1.5609047748e+00
1.6020000000e+00   5.7560635223e-05  -1.5585986123e+00
1.6040000000e+00   5.7374733494e-05  -1.5562999087e+00
1.6060000000e+00   5.7189963547e-05  -1.5540086185e+00
1.6080000000e+00   5.7006311026e-05  -1.5517246967e+00
1.6100000000e+00   5.6823761936e-05  -1.5494480990e+00
1.6120000000e+00   5.6642302630e-05  -1.5471787813e+00
1.6140000000e+00   5.6461919797e-05  -1.5449167004e+00
1.6160000000e+00   5.6282600447e-05  -1.5426618135e+00
1.6180000000e+00   5.6104331902e-05  -1.5404140784e+00
1.6200000000e+00   5.5927101781e-05  -1.5381734532e+00
1.6220000000e+00   5.5750897991e-05  -1.5359398966e+00
1.6240000000e+00   5.5575708718e-05  -1.5337133678e+00
1.6260000000e+00   5.5401522414e-05  -1.5314938265e+00
1.6280000000e+00   5.5228327790e-05  -1.5292812328e+00
1.6300000000e+00   5.5056113806e-05  -1.5270755472e+00
1.6320000000e+00   5.4884869663e-05  -1.5248767308e+00
1.6340000000e+00   5.4714584792e-05  -1.5226847449e+00
1.6360000000e+00   5.4545248852e-05  -1.5204995514e+00
1.6380000000e+00   5.4376851714e-05  -1.5183211125e+00
1.6400000000e+00   5.4209383463e-05  -1.5161493909e+00
1.6420000000e+00   5.4042834386e-05  -1.5139843496e+00
1.6440000000e+00   5.3877194962e-05  -1.5118259520e+00
1.6460000000e+00   5.3712455866e-05  -1.5096741620e+00
1.6480000000e+00   5.3548607952e-05  -1.5075289437e+00
1.6500000000e+00   5.3385642255e-05  -1.5053902616e+00
1.6520000000e+00   5.3223549979e-05  -1.5032580806e+00
1.6540000000e+00   5.3062322499e-05  -1.5011323661e+00
1.6560000000e+00   5.2901951349e-05  -1.4990130834e+00
1.6580000000e+00   5.2742428222e-05  -1.4969001987e+00
1.6600000000e+00   5.2583744962e-05  -1.4947936780e+00
1.6620000000e+00   5.2425893561e-05  -1.4926934880e+00
1.6640000000e+00   5.2268866154e-05  -1.4905995955e+00
1.6660000000e+00   5.2112655018e-05  -1.4885119678e+00
1.6680000000e+00   5.1957252563e-05  -1.4864305724e+00
1.6700000000e+00   5.1802651330e-05  -1.4843553770e+00
1.6720000000e+00   5.1648843989e-05  -1.4822863497e+00
1.6740000000e+00   5.1495823335e-05  -1.4802234590e+00
1.6760000000e+00   5.1343582280e-05  -1.4781666734e+00
1.6780000000e+00   5.1192113858e-05  -1.4761159621e+00
1.6800000000e+00   5.1041411215e-05  -1.4740712941e+00
1.6820000000e+00   5.0891467608e-05  -1.4720326391e+00
1.6840000000e+00   5.0742276403e-05  -1.4699999667e+00
1.6860000000e+00   5.0593831072e-05  -1.4679732470e+00
1.6880000000e+00   5.0446125187e-05  -1.4659524504e+00
1.6900000000e+00   5.0299152423e-05  -1.4639375473e+00
1.6920000000e+00   5.0152906551e-05  -1.4619285085e+00
1.6940000000e+00   5.0007381437e-05  -1.4599253051e+00
1.6960000000e+00   4.9862571041e-05  -1.4579279085e+00
1.6980000000e+00   4.9718469411e-05  -1.4559362900e+00
1.7000000000e+00   4.9575070686e-05  -1.4539504216e+00
1.7020000000e+00   4.9432369087e-05  -1.4519702751e+00
1.7040000000e+00   4.9290358923e-05  -1.4499958228e+00
1.7060000000e+00   4.9149034582e-05  -1.4480270372e+00
1.7080000000e+00   4.9008390534e-05  -1.4460638910e+00
1.7100000000e+00   4.8868421326e-05  -1.4441063570e+00
1.7120000000e+00   4.8729121581e-05  -1.4421544084e+00
1.7140000000e+00   4.8590485998e-05  -1.4402080184e+00
1.7160000000e+00   4.8452509347e-05  -1.4382671607e+00
1.7180000000e+00   4.8315186470e-05  -1.4363318090e+00
1.7200000000e+00   4.8178512278e-05  -1.4344019372e+00
1.7220000000e+00   4.8042481753e-05  -1.4324775194e+00
1.7240000000e+00   4.7907089940e-05  -1.4305585301e+00
1.7260000000e+00   4.7772331950e-05  -1.4286449438e+00
1.7280000000e+00   4.7638202958e-05  -1.4267367352e+00
1.7300000000e+00   4.7504698203e-05  -1.4248338792e+00
1.7320000000e+00   4.7371812983e-05  -1.4229363511e+00
1.7340000000e+00   4.7239542656e-05  -1.4210441260e+00
1.7360000000e+00   4.7107882639e-05  -1.4191571795e+00
1.7380000000e+00   4.6976828407e-05  -1.4172754873e+00
1.7400000000e+00   4.6846375490e-05  -1.4153990253e+00
1.7420000000e+00   4.6716519473e-05  -1.4135277694e+00
1.7440000000e+00   4.6587255997e-05  -1.4116616958e+00
1.7460000000e+00   4.6458580753e-05  -1.4098007810e+00
1.7480000000e+00   4.6330489486e-05  -1.4079450016e+00
1.7500000000e+00   4.6202977990e-05  -1.4060943342e+00
1.7520000000e+00   4.6076042110e-05  -1.4042487557e+00
1.7540000000e+00   4.5949677741e-05  -1.4024082432e+00
1.7560000000e+00   4.5823880824e-05  -1.4005727739e+00
1.7580000000e+00   4.5698647347e-05  -1.3987423252e+00
1.7600000000e+00   4.5573973345e-05  -1.3969168747e+00
1.7620000000e+00   4.5449854899e-05  -1.3950963999e+00
1.7640000000e+00   4.5326288133e-05  -1.3932808789e+00
1.7660000000e+00   4.5203269216e-05  -1.3914702896e+00
1.7680000000e+00   4.5080794359e-05  -1.3896646101e+00
1.7700000000e+00   4.4958859816e-05  -1.3878638189e+00
1.7720000000e+00   4.4837461880e-05  -1.3860678942e+00
1.7740000000e+00   4.4716596888e-05  -1.3842768148e+00
1.7760000000e+00   4.4596261215e-05  -1.3824905594e+00
1.7780000000e+00   4.4476451275e-05  -1.3807091069e+00
1.7800000000e+00   4.4357163522e-05  -1.3789324364e+00
1.7820000000e+00   4.4238394446e-05  -1.3771605269e+00
1.7840000000e+00   4.4120140577e-05  -1.3753933579e+00
1.7860000000e+00   4.4002398478e-05  -1.3736309089e+00
1.7880000000e+00   4.3885164751e-05  -1.3718731593e+00
1.7900000000e+00   4.3768436032e-05  -1.3701200890e+00
1.7920000000e+00   4.3652208993e-05  -1.3683716777e+00
1.7940000000e+00   4.3536480338e-05  -1.3666279056e+00
1.7960000000e+00   4.3421246808e-05  -1.3648887527e+00
1.7980000000e+00   4.3306505175e-05  -1.3631541993e+00
1.8000000000e+00   4.3192252243e-05  -1.3614242258e+00
1.8020000000e+00   4.3078484850e-05  -1.3596988127e+00
1.8040000000e+00   4.2965199865e-05  -1.3579779406e+00
1.8060000000e+00   4.2852394189e-05  -1.3562615903e+00
1.8080000000e+00   4.2740064750e-05  -1.3545497427e+00
1.8100000000e+00   4.2628208512e-05  -1.3528423788e+00
1.8120000000e+00   4.2516822463e-05  -1.3511394798e+00
1.8140000000e+00   4.2405903624e-05  -1.3494410268e+00
1.8160000000e+00   4.2295449044e-05  -1.3477470013e+00
1.8180000000e+00   4.2185455800e-05  -1.3460573847e+00
1.8200000000e+00   4.2075920997e-05  -1.3443721587e+00
1.8220000000e+00   4.1966841767e-05  -1.3426913050e+00
1.8240000000e+00   4.1858215271e-05  -1.3410148053e+00
1.8260000000e+00   4.1750038695e-05  -1.3393426418e+00
1.8280000000e+00   4.1642309252e-05  -1.3376747963e+00
1.8300000000e+00   4.1535024181e-05  -1.3360112511e+00
1.8320000000e+00   4.1428180747e-05  -1.3343519885e+00
1.8340000000e+00   4.1321776239e-05  -1.3326969908e+00
1.8360000000e+00   4.1215807974e-05  -1.3310462406e+00
1.8380000000e+00   4.1110273289e-05  -1.3293997204e+00
1.8400000000e+00   4.1005169549e-05  -1.3277574130e+00
1.8420000000e+00   4.0900494142e-05  -1.3261193011e+00
1.8440000000e+00   4.0796244478e-05  -1.3244853678e+00
1.8460000000e+00   4.0692417992e-05  -1.3228555959e+00
1.8480000000e+00   4.0589012141e-05  -1.3212299687e+00
1.8500000000e+00   4.0486024406e-05  -1.3196084694e+00
1.8520000000e+00   4.0383452288e-05  -1.3179910812e+00
1.8540000000e+00   4.0281293312e-05  -1.3163777877e+00
1.8560000000e+00   4.0179545024e-05  -1.3147685723e+00
1.8580000000e+00   4.0078204992e-05  -1.3131634187e+00
1.8600000000e+00   3.9977270803e-05  -1.3115623105e+00
1.8620000000e+00   3.9876740069e-05  -1.3099652316e+00
1.8640000000e+00   3.9776610419e-05  -1.3083721660e+00
1.8660000000e+00   3.9676879503e-05  -1.3067830975e+00
1.8680000000e+00   3.9577544992e-05  -1.3051980103e+00
1.8700000000e+00   3.9478604578e-05  -1.3036168886e+00
1.8720000000e+00   3.9380055969e-05  -1.3020397167e+00
1.8740000000e+00   3.9281896896e-05  -1.3004664790e+00
1.8760000000e+00   3.9184125107e-05  -1.2988971598e+00
1.8780000000e+00   3.9086738370e-05  -1.2973317438e+00
1.8800000000e+00   3.8989734471e-05  -1.2957702157e+00
1.8820000000e+00   3.8893111214e-05  -1.2942125600e+00
1.8840000000e+00   3.8796866422e-05  -1.2926587617e+00
1.8860000000e+00   3.8700997936e-05  -1.2911088057e+00
1.8880000000e+00   3.8605503614e-05  -1.2895626769e+00
1.8900000000e+00   3.8510381332e-05  -1.2880203604e+00
1.8920000000e+00   3.8415628985e-05  -1.2864818415e+00
1.8940000000e+00   3.8321244481e-05  -1.2849471052e+00
1.8960000000e+00   3.8227225749e-05  -1.2834161370e+00
1.8980000000e+00   3.8133570733e-05  -1.2818889223e+00
1.9000000000e+00   3.8040277393e-05  -1.2803654466e+00
1.9020000000e+00   3.7947343707e-05  -1.2788456953e+00
1.9040000000e+00   3.7854767667e-05  -1.2773296543e+00
1.9060000000e+00   3.7762547283e-05  -1.2758173092e+00
1.9080000000e+00   3.7670680579e-05  -1.2743086458e+00
1.9100000000e+00   3.7579165597e-05  -1.2728036501e+00
1.9120000000e+00   3.7488000392e-05  -1.2713023079e+00
1.9140000000e+00   3.7397183034e-05  -1.2698046054e+00
1.9160000000e+00   3.7306711611e-05  -1.2683105287e+00
1.9180000000e+00   3.7216584224e-05  -1.2668200639e+00
1.9200000000e+00   3.7126798988e-05  -1.2653331974e+00
1.9220000000e+00   3.7037354035e-05  -1.2638499154e+00
1.9240000000e+00   3.6948247508e-05  -1.2623702045e+00
1.9260000000e+00   3.6859477567e-05  -1.2608940512e+00
1.9280000000e+00   3.6771042385e-05  -1.2594214419e+00
1.9300000000e+00   3.6682940150e-05  -1.2579523633e+00
1.9320000000e+00   3.6595169063e-05  -1.2564868022e+00
1.9340000000e+00   3.6507727338e-05  -1.2550247454e+00
1.9360000000e+00   3.6420613204e-05  -1.2535661797e+00
1.9380000000e+00   3.6333824901e-05  -1.2521110920e+00
1.9400000000e+00   3.6247360686e-05  -1.2506594694e+00
1.9420000000e+00   3.6161218825e-05  -1.2492112989e+00
1.9440000000e+00   3.6075397599e-05  -1.2477665676e+00
1.9460000000e+00   3.5989895303e-05  -1.2463252628e+00
1.9480000000e+00   3.5904710242e-05  -1.2448873718e+00
1.9500000000e+00   3.5819840735e-05  -1.2434528818e+00
1.9520000000e+00   3.5735285113e-05  -1.2420217803e+00
1.9540000000e+00   3.5651041720e-05  -1.2405940548e+00
1.9560000000e+00   3.5567108912e-05  -1.2391696929e+00
1.9580000000e+00   3.5483485057e-05  -1.2377486820e+00
1.9600000000e+00   3.5400168533e-05  -1.2363310100e+00
1.9620000000e+00   3.5317157732e-05  -1.2349166644e+00
1.9640000000e+00   3.5234451058e-05  -1.2335056333e+00
1.9660000000e+00   3.5152046924e-05  -1.2320979043e+00
1.9680000000e+00   3.5069943758e-05  -1.2306934655e+00
1.9700000000e+00   3.4988139996e-05  -1.2292923048e+00
1.9720000000e+00   3.4906634086e-05  -1.2278944104e+00
1.9740000000e+00   3.4825424490e-05  -1.2264997702e+00
1.9760000000e+00   3.4744509677e-05  -1.2251083725e+00
1.9780000000e+00   3.4663888128e-05  -1.2237202055e+00
1.9800000000e+00   3.4583558337e-05  -1.2223352575e+00
1.9820000000e+00   3.4503518806e-05  -1.2209535170e+00
1.9840000000e+00   3.4423768048e-05  -1.2195749722e+00
1.9860000000e+00   3.4344304589e-05  -1.2181996117e+00
1.9880000000e+00   3.4265126961e-05  -1.2168274240e+00
1.9900000000e+00   3.4186233710e-05  -1.2154583978e+00
1.9920000000e+00   3.4107623390e-05  -1.2140925216e+00
1.9940000000e+00   3.4029294567e-05  -1.2127297841e+00
1.9960000000e+00   3.3951245815e-05  -1.2113701743e+00
1.9980000000e+00   3.3873475719e-05  -1.2100136808e+00
2.0000000000e+00   3.3795982873e-05  -1.2086602925e+00
2.0020000000e+00   3.3718765881e-05  -1.2073099985e+00
2.0040000000e+00   3.3641823358e-05  -1.2059627876e+00
2.0060000000e+00   3.3565153926e-05  -1.2046186489e+00
2.0080000000e+00   3.3488756219e-05  -1.2032775716e+00
2.0100000000e+00   3.3412628878e-05  -1.2019395448e+00
2.0120000000e+00   3.3336770554e-05  -1.2006045578e+00
2.0140000000e+00   3.3261179909e-05  -1.1992725996e+00
2.0160000000e+00   3.3185855610e-05  -1.1979436598e+00
2.0180000000e+00   3.3110796338e-05  -1.1966177277e+00
2.0200000000e+00   3.3036000779e-05  -1.1952947926e+00
2.0220000000e+00   3.2961467630e-05  -1.1939748441e+00
2.0240000000e+00   3.2887195595e-05  -1.1926578717e+00
2.0260000000e+00   3.2813183389e-05  -1.1913438650e+00
2.0280000000e+00   3.2739429733e-05  -1.1900328136e+00
2.0300000000e+00   3.2665933358e-05  -1.1887247072e+00
2.0320000000e+00   3.2592693004e-05  -1.1874195355e+00
2.0340000000e+00   3.2519707417e-05  -1.1861172884e+00
2.0360000000e+00   3.2446975355e-05  -1.1848179555e+00
2.0380000000e+00   3.2374495580e-05  -1.1835215270e+00
2.0400000000e+00   3.2302266866e-05  -1.1822279926e+00
2.0420000000e+00   3.2230287991e-05  -1.1809373423e+00
2.0440000000e+00   3.2158557746e-05  -1.1796495662e+00
2.0460000000e+00   3.2087074925e-05  -1.1783646544e+00
2.0480000000e+00   3.2015838333e-05  -1.1770825969e+00
2.0500000000e+00   3.1944846782e-05  -1.1758033841e+00
2.0520000000e+00   3.1874099092e-05  -1.1745270059e+00
2.0540000000e+00   3.1803594088e-05  -1.1732534529e+00
2.0560000000e+00   3.1733330607e-05  -1.1719827152e+00
2.0580000000e+00   3.1663307491e-05  -1.1707147832e+00
2.0600000000e+00   3.1593523589e-05  -1.1694496474e+00
2.0620000000e+00   3.1523977759e-05  -1.1681872982e+00
2.0640000000e+00   3.1454668865e-05  -1.1669277260e+00
2.0660000000e+00   3.1385595779e-05  -1.1656709215e+00
2.0680000000e+00   3.1316757380e-05  -1.1644168753e+00
2.0700000000e+00   3.1248152555e-05  -1.1631655778e+00
2.0720000000e+00   3.1179780195e-05  -1.1619170200e+00
2.0740000000e+00   3.1111639202e-05  -1.1606711923e+00
2.0760000000e+00   3.1043728483e-05  -1.1594280858e+00
2.0780000000e+00   3.0976046952e-05  -1.1581876910e+00
2.0800000000e+00   3.0908593530e-05  -1.1569499990e+00
2.0820000000e+00   3.0841367144e-05  -1.1557150005e+00
2.0840000000e+00   3.0774366730e-05  -1.1544826866e+00
2.0860000000e+00   3.0707591228e-05  -1.1532530482e+00
2.0880000000e+00   3.0641039587e-05  -1.1520260763e+00
2.0900000000e+00   3.0574710760e-05  -1.1508017620e+00
2.0920000000e+00   3.0508603709e-05  -1.1495800965e+00
2.0940000000e+00   3.0442717400e-05  -1.1483610708e+00
2.0960000000e+00   3.0377050809e-05  -1.1471446762e+00
2.0980000000e+00   3.0311602914e-05  -1.1459309038e+00
2.1000000000e+00   3.0246372703e-05  -1.1447197450e+00
2.1020000000e+00   3.0181359167e-05  -1.1435111911e+00
2.1040000000e+00   3.0116561307e-05  -1.1423052334e+00
2.1060000000e+00   3.0051978127e-05  -1.1411018634e+00
2.1080000000e+00   2.9987608638e-05  -1.1399010723e+00
2.1100000000e+00   2.9923451857e-05  -1.1387028518e+00
2.1120000000e+00   2.9859506808e-05  -1.1375071934e+00
2.1140000000e+00   2.9795772520e-05  -1.1363140885e+00
2.1160000000e+00   2.9732248028e-05  -1.1351235288e+00
2.1180000000e+00   2.9668932373e-05  -1.1339355059e+00
2.1200000000e+00   2.9605824602e-05  -1.1327500114e+00
2.1220000000e+00   2.9542923768e-05  -1.1315670371e+00
2.1240000000e+00   2.9480228927e-05  -1.1303865748e+00
2.1260000000e+00   2.9417739146e-05  -1.1292086161e+00
2.1280000000e+00   2.9355453493e-05  -1.1280331529e+00
2.1300000000e+00   2.9293371043e-05  -1.1268601771e+00
2.1320000000e+00   2.9231490877e-05  -1.1256896805e+00
2.1340000000e+00   2.9169812082e-05  -1.1245216552e+00
2.1360000000e+00   2.9108333749e-05  -1.1233560929e+00
2.1380000000e+00   2.9047054975e-05  -1.1221929858e+00
2.1400000000e+00   2.8985974864e-05  -1.1210323259e+00
2.1420000000e+00   2.8925092521e-05  -1.1198741052e+00
2.1440000000e+00   2.8864407062e-05  -1.1187183158e+00
2.1460000000e+00   2.8803917604e-05  -1.1175649500e+00
2.1480000000e+00   2.8743623271e-05  -1.1164139998e+00
2.1500000000e+00   2.8683523192e-05  -1.1152654575e+00
2.1520000000e+00   2.8623616500e-05  -1.1141193154e+00
2.1540000000e+00   2.8563902336e-05  -1.1129755657e+00
2.1560000000e+00   2.8504379841e-05  -1.1118342007e+00
2.1580000000e+00   2.8445048167e-05  -1.1106952127e+00
2.1600000000e+00   2.8385906466e-05  -1.1095585943e+00
2.1620000000e+00   2.8326953899e-05  -1.1084243377e+00
2.1640000000e+00   2.8268189628e-05  -1.1072924355e+00
2.1660000000e+00   2.8209612823e-05  -1.1061628800e+00
2.1680000000e+00   2.8151222658e-05  -1.1050356639e+00
2.1700000000e+00   2.8093018310e-05  -1.1039107797e+00
2.1720000000e+00   2.8034998963e-05  -1.1027882200e+00
2.1740000000e+00   2.7977163805e-05  -1.1016679774e+00
2.1760000000e+00   2.7919512028e-05  -1.1005500445e+00
2.1780000000e+00   2.7862042830e-05  -1.0994344140e+00
2.1800000000e+00   2.7804755413e-05  -1.0983210786e+00
2.1820000000e+00   2.7747648983e-05  -1.0972100311e+00
2.1840000000e+00   2.7690722750e-05  -1.0961012643e+00
2.1860000000e+00   2.7633975931e-05  -1.0949947709e+00
2.1880000000e+00   2.7577407746e-05  -1.0938905439e+00
2.1900000000e+00   2.7521017419e-05  -1.0927885759e+00
2.1920000000e+00   2.7464804178e-05  -1.0916888601e+00
2.1940000000e+00   2.7408767258e-05  -1.0905913893e+00
2.1960000000e+00   2.7352905895e-05  -1.0894961564e+00
2.1980000000e+00   2.7297219333e-05  -1.0884031545e+00
2.2000000000e+00   2.7241706816e-05  -1.0873123765e+00
2.2020000000e+00   2.7186367595e-05  -1.0862238156e+00
2.2040000000e+00   2.7131200926e-05  -1.0851374648e+00
2.2060000000e+00   2.7076206067e-05  -1.0840533172e+00
2.2080000000e+00   2.7021382281e-05  -1.0829713660e+00
2.2100000000e+00   2.6966728835e-05  -1.0818916044e+00
2.2120000000e+00   2.6912245001e-05  -1.0808140255e+00
2.2140000000e+00   2.6857930054e-05  -1.0797386225e+00
2.2160000000e+00   2.6803783274e-05  -1.0786653888e+00
2.2180000000e+00   2.6749803944e-05  -1.0775943177e+00
2.2200000000e+00   2.6695991352e-05  -1.0765254023e+00
2.2220000000e+00   2.6642344788e-05  -1.0754586361e+00
2.2240000000e+00   2.6588863549e-05  -1.0743940125e+00
2.2260000000e+00   2.6535546934e-05  -1.0733315249e+00
2.2280000000e+00   2.6482394245e-05  -1.0722711666e+00
2.2300000000e+00   2.6429404790e-05  -1.0712129311e+00
2.2320000000e+00   2.6376577880e-05  -1.0701568120e+00
2.2340000000e+00   2.6323912830e-05  -1.0691028028e+00
2.2360000000e+00   2.6271408957e-05  -1.0680508969e+00
2.2380000000e+00   2.6219065584e-05  -1.0670010879e+00
2.2400000000e+00   2.6166882037e-05  -1.0659533695e+00
2.2420000000e+00   2.6114857645e-05  -1.0649077352e+00
2.2440000000e+00   2.6062991742e-05  -1.0638641788e+00
2.2460000000e+00   2.6011283664e-05  -1.0628226938e+00
2.2480000000e+00   2.5959732753e-05  -1.0617832740e+00
2.2500000000e+00   2.5908338351e-05  -1.0607459131e+00
2.2520000000e+00   2.5857099807e-05  -1.0597106048e+00
2.2540000000e+00   2.5806016473e-05  -1.0586773430e+00
2.2560000000e+00   2.5755087701e-05  -1.0576461215e+00
2.2580000000e+00   2.5704312852e-05  -1.0566169340e+00
2.2600000000e+00   2.5653691287e-05  -1.0555897744e+00
2.2620000000e+00   2.5603222370e-05  -1.0545646366e+00
2.2640000000e+00   2.5552905470e-05  -1.0535415146e+00
2.2660000000e+00   2.5502739959e-05  -1.0525204022e+00
2.2680000000e+00   2.5452725213e-05  -1.0515012934e+00
2.2700000000e+00   2.5402860611e-05  -1.0504841822e+00
2.2720000000e+00   2.5353145533e-05  -1.0494690625e+00
2.2740000000e+00   2.5303579366e-05  -1.0484559285e+00
2.2760000000e+00   2.5254161498e-05  -1.0474447742e+00
2.2780000000e+00   2.5204891321e-05  -1.0464355936e+00
2.2800000000e+00   2.5155768230e-05  -1.0454283809e+00
2.2820000000e+00   2.5106791623e-05  -1.0444231302e+00
2.2840000000e+00   2.5057960903e-05  -1.0434198357e+00
2.2860000000e+00   2.5009275473e-05  -1.0424184914e+00
2.2880000000e+00   2.4960734741e-05  -1.0414190917e+00
2.2900000000e+00   2.4912338119e-05  -1.0404216307e+00
2.2920000000e+00   2.4864085021e-05  -1.0394261027e+00
2.2940000000e+00   2.4815974863e-05  -1.0384325020e+00
2.2960000000e+00   2.4768007066e-05  -1.0374408229e+00
2.2980000000e+00   2.4720181053e-05  -1.0364510596e+00
2.3000000000e+00   2.4672496251e-05  -1.0354632065e+00
2.3020000000e+00   2.4624952089e-05  -1.0344772580e+00
2.3040000000e+00   2.4577547999e-05  -1.0334932085e+00
2.3060000000e+00   2.4530283417e-05  -1.0325110523e+00
2.3080000000e+00   2.4483157781e-05  -1.0315307839e+00
2.3100000000e+00   2.4436170531e-05  -1.0305523978e+00
2.3120000000e+00   2.4389321113e-05  -1.0295758885e+00
2.3140000000e+00   2.4342608973e-05  -1.0286012503e+00
2.3160000000e+00   2.4296033561e-05  -1.0276284779e+00
2.3180000000e+00   2.4249594329e-05  -1.0266575658e+00
2.3200000000e+00   2.4203290734e-05  -1.0256885086e+00
2.3220000000e+00   2.4157122234e-05  -1.0247213008e+00
2.3240000000e+00   2.4111088289e-05  -1.0237559370e+00
2.3260000000e+00   2.4065188364e-05  -1.0227924119e+00
2.3280000000e+00   2.4019421926e-05  -1.0218307202e+00
2.3300000000e+00   2.3973788443e-05  -1.0208708564e+00
2.3320000000e+00   2.3928287389e-05  -1.0199128153e+00
2.3340000000e+00   2.3882918238e-05  -1.0189565916e+00
2.3360000000e+00   2.3837680467e-05  -1.0180021801e+00
2.3380000000e+00   2.3792573557e-05  -1.0170495755e+00
2.3400000000e+00   2.3747596991e-05  -1.0160987725e+00
2.3420000000e+00   2.3702750255e-05  -1.0151497660e+00
2.3440000000e+00   2.3658032836e-05  -1.0142025507e+00
2.3460000000e+00   2.3613444226e-05  -1.0132571216e+00
2.3480000000e+00   2.3568983917e-05  -1.0123134735e+00
2.3500000000e+00   2.3524651406e-05  -1.0113716012e+00
2.3520000000e+00   2.3480446192e-05  -1.0104314997e+00
2.3540000000e+00   2.3436367774e-05  -1.0094931638e+00
2.3560000000e+00   2.3392415658e-05  -1.0085565886e+00
2.3580000000e+00   2.3348589349e-05  -1.0076217689e+00
2.3600000000e+00   2.3304888355e-05  -1.0066886998e+00
2.3620000000e+00   2.3261312188e-05  -1.0057573762e+00
2.3640000000e+00   2.3217860361e-05  -1.0048277931e+00
2.3660000000e+00   2.3174532391e-05  -1.0038999457e+00
2.3680000000e+00   2.3131327795e-05  -1.0029738289e+00
2.3700000000e+00   2.3088246094e-05  -1.0020494378e+00
2.3720000000e+00   2.3045286813e-05  -1.0011267676e+00
2.3740000000e+00   2.3002449475e-05  -1.0002058133e+00
2.3760000000e+00   2.2959733610e-05  -9.9928657001e-01
2.3780000000e+00   2.2917138747e-05  -9.9836903297e-01
2.3800000000e+00   2.2874664419e-05  -9.9745319730e-01
2.3820000000e+00   2.2832310162e-05  -9.9653905821e-01
2.3840000000e+00   2.2790075513e-05  -9.9562661090e-01
2.3860000000e+00   2.2747960010e-05  -9.9471585059e-01
2.3880000000e+00   2.2705963197e-05  -9.9380677252e-01
2.3900000000e+00   2.2664084616e-05  -9.9289937196e-01
2.3920000000e+00   2.2622323816e-05  -9.9199364418e-01
2.3940000000e+00   2.2580680344e-05  -9.9108958449e-01
2.3960000000e+00   2.2539153751e-05  -9.9018718820e-01
2.3980000000e+00   2.2497743590e-05  -9.8928645064e-01
2.4000000000e+00   2.2456449417e-05  -9.8838736716e-01
2.4020000000e+00   2.2415270789e-05  -9.8748993314e-01
2.4040000000e+00   2.2374207266e-05  -9.8659414397e-01
2.4060000000e+00   2.2333258409e-05  -9.8569999504e-01
2.4080000000e+00   2.2292423783e-05  -9.8480748177e-01
2.4100000000e+00   2.2251702954e-05  -9.8391659962e-01
2.4120000000e+00   2.2211095489e-05  -9.8302734403e-01
2.4140000000e+00   2.2170600960e-05  -9.8213971048e-01
2.4160000000e+00   2.2130218938e-05  -9.8125369445e-01
2.4180000000e+00   2.2089948998e-05  -9.8036929147e-01
2.4200000000e+00   2.2049790717e-05  -9.7948649705e-01
2.4220000000e+00   2.2009743673e-05  -9.7860530673e-01
2.4240000000e+00   2.1969807447e-05  -9.7772571608e-01
2.4260000000e+00   2.1929981622e-05  -9.7684772066e-01
2.4280000000e+00   2.1890265783e-05  -9.7597131608e-01
2.4300000000e+00   2.1850659515e-05  -9.7509649794e-01
2.4320000000e+00   2.1811162409e-05  -9.7422326187e-01
2.4340000000e+00   2.1771774054e-05  -9.7335160350e-01
2.4360000000e+00   2.1732494043e-05  -9.7248151850e-01
2.4380000000e+00   2.1693321971e-05  -9.7161300254e-01
2.4400000000e+00   2.1654257435e-05  -9.7074605131e-01
2.4420000000e+00   2.1615300032e-05  -9.6988066052e-01
2.4440000000e+00   2.1576449365e-05  -9.6901682589e-01
2.4460000000e+00   2.1537705034e-05  -9.6815454315e-01
2.4480000000e+00   2.1499066644e-05  -9.6729380807e-01
2.4500000000e+00   2.1460533801e-05  -9.6643461642e-01
2.4520000000e+00   2.1422106114e-05  -9.6557696397e-01
2.4540000000e+00   2.1383783192e-05  -9.6472084653e-01
2.4560000000e+00   2.1345564647e-05  -9.6386625992e-01
2.4580000000e+00   2.1307450092e-05  -9.6301319998e-01
2.4600000000e+00   2.1269439143e-05  -9.6216166254e-01
2.4620000000e+00   2.1231531418e-05  -9.6131164347e-01
2.4640000000e+00   2.1193726535e-05  -9.6046313865e-01
2.4660000000e+00   2.1156024116e-05  -9.5961614398e-01
2.4680000000e+00   2.1118423782e-05  -9.5877065536e-01
2.4700000000e+00   2.1080925159e-05  -9.5792666873e-01
2.4720000000e+00   2.1043527872e-05  -9.5708418000e-01
2.4740000000e+00   2.1006231550e-05  -9.5624318515e-01
2.4760000000e+00   2.0969035822e-05  -9.5540368014e-01
2.4780000000e+00   2.0931940320e-05  -9.5456566095e-01
2.4800000000e+00   2.0894944677e-05  -9.5372912358e-01
2.4820000000e+00   2.0858048528e-05  -9.5289406405e-01
2.4840000000e+00   2.0821251510e-05  -9.5206047838e-01
2.4860000000e+00   2.0784553261e-05  -9.5122836262e-01
2.4880000000e+00   2.0747953420e-05  -9.5039771281e-01
2.4900000000e+00   2.0711451630e-05  -9.4956852504e-01
2.4920000000e+00   2.0675047535e-05  -9.4874079538e-01
2.4940000000e+00   2.0638740778e-05  -9.4791451994e-01
2.4960000000e+00   2.0602531008e-05  -9.4708969482e-01
2.4980000000e+00   2.0566417871e-05  -9.4626631617e-01
2.5000000000e+00   2.0530401019e-05  -9.4544438011e-01
2.5020000000e+00   2.0494480102e-05  -9.4462388281e-01
2.5040000000e+00   2.0458654775e-05  -9.4380482043e-01
2.5060000000e+00   2.0422924691e-05  -9.4298718916e-01
2.5080000000e+00   2.0387289507e-05  -9.4217098519e-01
2.5100000000e+00   2.0351748882e-05  -9.4135620474e-01
2.5120000000e+00   2.0316302474e-05  -9.4054284403e-01
2.5140000000e+00   2.0280949945e-05  -9.3973089929e-01
2.5160000000e+00   2.0245690958e-05  -9.3892036679e-01
2.5180000000e+00   2.0210525176e-05  -9.3811124277e-01
2.5200000000e+00   2.0175452267e-05  -9.3730352354e-01
2.5220000000e+00   2.0140471896e-05  -9.3649720536e-01
2.5240000000e+00   2.0105583733e-05  -9.3569228456e-01
2.5260000000e+00   2.0070787448e-05  -9.3488875744e-01
2.5280000000e+00   2.0036082713e-05  -9.3408662034e-01
2.5300000000e+00   2.0001469202e-05  -9.3328586961e-01
2.5320000000e+00   1.9966946589e-05  -9.3248650159e-01
2.5340000000e+00   1.9932514551e-05  -9.3168851267e-01
2.5360000000e+00   1.9898172765e-05  -9.3089189923e-01
2.5380000000e+00   1.9863920911e-05  -9.3009665765e-01
2.5400000000e+00   1.9829758669e-05  -9.2930278436e-01
2.5420000000e+00   1.9795685722e-05  -9.2851027577e-01
2.5440000000e+00   1.9761701753e-05  -9.2771912832e-01
2.5460000000e+00   1.9727806448e-05  -9.2692933845e-01
2.5480000000e+00   1.9693999492e-05  -9.2614090263e-01
2.5500000000e+00   1.9660280575e-05  -9.2535381732e-01
2.5520000000e+00   1.9626649384e-05  -9.2456807901e-01
2.5540000000e+00   1.9593105611e-05  -9.2378368420e-01
2.5560000000e+00   1.9559648948e-05  -9.2300062940e-01
2.5580000000e+00   1.9526279088e-05  -9.2221891113e-01
2.5600000000e+00   1.9492995727e-05  -9.2143852593e-01
2.5620000000e+00   1.9459798560e-05  -9.2065947033e-01
2.5640000000e+00   1.9426687285e-05  -9.1988174090e-01
2.5660000000e+00   1.9393661601e-05  -9.1910533420e-01
2.5680000000e+00   1.9360721209e-05  -9.1833024683e-01
2.5700000000e+00   1.9327865809e-05  -9.1755647538e-01
2.5720000000e+00   1.9295095106e-05  -9.1678401644e-01
2.5740000000e+00   1.9262408802e-05  -9.1601286664e-01
2.5760000000e+00   1.9229806605e-05  -9.1524302262e-01
2.5780000000e+00   1.9197288220e-05  -9.1447448100e-01
2.5800000000e+00   1.9164853356e-05  -9.1370723845e-01
2.5820000000e+00   1.9132501723e-05  -9.1294129162e-01
2.5840000000e+00   1.9100233031e-05  -9.1217663720e-01
2.5860000000e+00   1.9068046993e-05  -9.1141327188e-01
2.5880000000e+00   1.9035943322e-05  -9.1065119235e-01
2.5900000000e+00   1.9003921732e-05  -9.0989039532e-01
2.5920000000e+00   1.8971981939e-05  -9.0913087752e-01
2.5940000000e+00   1.8940123661e-05  -9.0837263568e-01
2.5960000000e+00   1.8908346616e-05  -9.0761566655e-01
2.5980000000e+00   1.8876650523e-05  -9.0685996687e-01
2.6000000000e+00   1.8845035104e-05  -9.0610553343e-01
2.6020000000e+00   1.8813500080e-05  -9.0535236299e-01
2.6040000000e+00   1.8782045176e-05  -9.0460045236e-01
2.6060000000e+00   1.8750670114e-05  -9.0384979832e-01
2.6080000000e+00   1.8719374622e-05  -9.0310039769e-01
2.6100000000e+00   1.8688158426e-05  -9.0235224729e-01
2.6120000000e+00   1.8657021255e-05  -9.0160534396e-01
2.6140000000e+00   1.8625962837e-05  -9.0085968454e-01
2.6160000000e+00   1.8594982903e-05  -9.0011526589e-01
2.6180000000e+00   1.8564081184e-05  -8.9937208487e-01
2.6200000000e+00   1.8533257415e-05  -8.9863013836e-01
2.6220000000e+00   1.8502511328e-05  -8.9788942324e-01
2.6240000000e+00   1.8471842659e-05  -8.9714993642e-01
2.6260000000e+00   1.8441251145e-05  -8.9641167480e-01
2.6280000000e+00   1.8410736522e-05  -8.9567463530e-01
2.6300000000e+00   1.8380298529e-05  -8.9493881486e-01
2.6320000000e+00   1.8349936906e-05  -8.9420421040e-01
2.6340000000e+00   1.8319651394e-05  -8.9347081889e-01
2.6360000000e+00   1.8289441735e-05  -8.9273863728e-01
2.6380000000e+00   1.8259307672e-05  -8.9200766255e-01
2.6400000000e+00   1.8229248949e-05  -8.9127789167e-01
2.6420000000e+00   1.8199265312e-05  -8.9054932163e-01
2.6440000000e+00   1.8169356506e-05  -8.8982194944e-01
2.6460000000e+00   1.8139522280e-05  -8.8909577212e-01
2.6480000000e+00   1.8109762382e-05  -8.8837078667e-01
2.6500000000e+00   1.8080076562e-05  -8.8764699014e-01
2.6520000000e+00   1.8050464570e-05  -8.8692437956e-01
2.6540000000e+00   1.8020926158e-05  -8.8620295199e-01
2.6560000000e+00   1.7991461079e-05  -8.8548270449e-01
2.6580000000e+00   1.7962069087e-05  -8.8476363413e-01
2.6600000000e+00   1.7932749937e-05  -8.8404573800e-01
2.6620000000e+00   1.7903503385e-05  -8.8332901317e-01
2.6640000000e+00   1.7874329189e-05  -8.8261345676e-01
2.6660000000e+00   1.7845227105e-05  -8.8189906588e-01
2.6680000000e+00   1.7816196893e-05  -8.8118583764e-01
2.6700000000e+00   1.7787238314e-05  -8.8047376917e-01
2.6720000000e+00   1.7758351129e-05  -8.7976285762e-01
2.6740000000e+00   1.7729535099e-05  -8.7905310013e-01
2.6760000000e+00   1.7700789988e-05  -8.7834449387e-01
2.6780000000e+00   1.7672115561e-05  -8.7763703599e-01
2.6800000000e+00   1.7643511581e-05  -8.7693072369e-01
2.6820000000e+00   1.7614977816e-05  -8.7622555413e-01
2.6840000000e+00   1.7586514033e-05  -8.7552152453e-01
2.6860000000e+00   1.7558120000e-05  -8.7481863208e-01
2.6880000000e+00   1.7529795485e-05  -8.7411687400e-01
2.6900000000e+00   1.7501540260e-05  -8.7341624752e-01
2.6920000000e+00   1.7473354094e-05  -8.7271674986e-01
2.6940000000e+00   1.7445236761e-05  -8.7201837828e-01
2.6960000000e+00   1.7417188033e-05  -8.7132113001e-01
2.6980000000e+00   1.7389207683e-05  -8.7062500232e-01
2.7000000000e+00   1.7361295488e-05  -8.6992999249e-01
2.7020000000e+00   1.7333451223e-05  -8.6923609778e-01
2.7040000000e+00   1.7305674664e-05  -8.6854331549e-01
2.7060000000e+00   1.7277965589e-05  -8.6785164291e-01
2.7080000000e+00   1.7250323777e-05  -8.6716107734e-01
2.7100000000e+00   1.7222749007e-05  -8.6647161611e-01
2.7120000000e+00   1.7195241060e-05  -8.6578325653e-01
2.7140000000e+00   1.7167799718e-05  -8.6509599594e-01
2.7160000000e+00   1.7140424762e-05  -8.6440983167e-01
2.7180000000e+00   1.7113115975e-05  -8.6372476108e-01
2.7200000000e+00   1.7085873143e-05  -8.6304078152e-01
2.7220000000e+00   1.7058696049e-05  -8.6235789035e-01
2.7240000000e+00   1.7031584479e-05  -8.6167608496e-01
2.7260000000e+00   1.7004538221e-05  -8.6099536272e-01
2.7280000000e+00   1.6977557063e-05  -8.6031572103e-01
2.7300000000e+00   1.6950640791e-05  -8.5963715729e-01
2.7320000000e+00   1.6923789197e-05  -8.5895966891e-01
2.7340000000e+00   1.6897002070e-05  -8.5828325330e-01
2.7360000000e+00   1.6870279201e-05  -8.5760790789e-01
2.7380000000e+00   1.6843620382e-05  -8.5693363011e-01
2.7400000000e+00   1.6817025407e-05  -8.5626041741e-01
2.7420000000e+00   1.6790494068e-05  -8.5558826723e-01
2.7440000000e+00   1.6764026161e-05  -8.5491717704e-01
2.7460000000e+00   1.6737621481e-05  -8.5424714430e-01
2.7480000000e+00   1.6711279824e-05  -8.5357816648e-01
2.7500000000e+00   1.6685000986e-05  -8.5291024107e-01
2.7520000000e+00   1.6658784767e-05  -8.5224336557e-01
2.7540000000e+00   1.6632630964e-05  -8.5157753746e-01
2.7560000000e+00   1.6606539377e-05  -8.5091275426e-01
2.7580000000e+00   1.6580509807e-05  -8.5024901349e-01
2.7600000000e+00   1.6554542055e-05  -8.4958631265e-01
2.7620000000e+00   1.6528635922e-05  -8.4892464930e-01
2.7640000000e+00   1.6502791212e-05  -8.4826402096e-01
2.7660000000e+00   1.6477007727e-05  -8.4760442519e-01
2.7680000000e+00   1.6451285273e-05  -8.4694585953e-01
2.7700000000e+00   1.6425623655e-05  -8.4628832156e-01
2.7720000000e+00   1.6400022678e-05  -8.4563180883e-01
2.7740000000e+00   1.6374482149e-05  -8.4497631894e-01
2.7760000000e+00   1.6349001876e-05  -8.4432184946e-01
2.7780000000e+00   1.6323581667e-05  -8.4366839799e-01
2.7800000000e+00   1.6298221331e-05  -8.4301596213e-01
2.7820000000e+00   1.6272920678e-05  -8.4236453949e-01
2.7840000000e+00   1.6247679518e-05  -8.4171412768e-01
2.7860000000e+00   1.6222497664e-05  -8.4106472433e-01
2.7880000000e+00   1.6197374926e-05  -8.4041632708e-01
2.7900000000e+00   1.6172311119e-05  -8.3976893356e-01
2.7920000000e+00   1.6147306055e-05  -8.3912254141e-01
2.7940000000e+00   1.6122359549e-05  -8.3847714829e-01
2.7960000000e+00   1.6097471417e-05  -8.3783275187e-01
2.7980000000e+00   1.6072641473e-05  -8.3718934980e-01
2.8000000000e+00   1.6047869535e-05  -8.3654693978e-01
2.8020000000e+00   1.6023155420e-05  -8.3590551947e-01
2.8040000000e+00   1.5998498945e-05  -8.3526508658e-01
2.8060000000e+00   1.5973899931e-05  -8.3462563879e-01
2.8080000000e+00   1.5949358196e-05  -8.3398717382e-01
2.8100000000e+00   1.5924873560e-05  -8.3334968937e-01
2.8120000000e+00   1.5900445845e-05  -8.3271318318e-01
2.8140000000e+00   1.5876074872e-05  -8.3207765295e-01
2.8160000000e+00   1.5851760464e-05  -8.3144309643e-01
2.8180000000e+00   1.5827502443e-05  -8.3080951136e-01
2.8200000000e+00   1.5803300634e-05  -8.3017689549e-01
2.8220000000e+00   1.5779154861e-05  -8.2954524657e-01
2.8240000000e+00   1.5755064948e-05  -8.2891456236e-01
2.8260000000e+00   1.5731030723e-05  -8.2828484063e-01
2.8280000000e+00   1.5707052010e-05  -8.2765607916e-01
2.8300000000e+00   1.5683128639e-05  -8.2702827573e-01
2.8320000000e+00   1.5659260436e-05  -8.2640142813e-01
2.8340000000e+00   1.5635447231e-05  -8.2577553416e-01
2.8360000000e+00   1.5611688851e-05  -8.2515059162e-01
2.8380000000e+00   1.5587985129e-05  -8.2452659833e-01
2.8400000000e+00   1.5564335893e-05  -8.2390355209e-01
2.8420000000e+00   1.5540740975e-05  -8.2328145073e-01
2.8440000000e+00   1.5517200208e-05  -8.2266029209e-01
2.8460000000e+00   1.5493713424e-05  -8.2204007400e-01
2.8480000000e+00   1.5470280455e-05  -8.2142079430e-01
2.8500000000e+00   1.5446901137e-05  -8.2080245085e-01
2.8520000000e+00   1.5423575303e-05  -8.2018504150e-01
2.8540000000e+00   1.5400302789e-05  -8.1956856411e-01
2.8560000000e+00   1.5377083431e-05  -8.1895301656e-01
2.8580000000e+00   1.5353917064e-05  -8.1833839673e-01
2.8600000000e+00   1.5330803527e-05  -8.1772470250e-01
2.8620000000e+00   1.5307742656e-05  -8.1711193175e-01
2.8640000000e+00   1.5284734291e-05  -8.1650008238e-01
2.8660000000e+00   1.5261778271e-05  -8.1588915231e-01
2.8680000000e+00   1.5238874434e-05  -8.1527913943e-01
2.8700000000e+00   1.5216022622e-05  -8.1467004166e-01
2.8720000000e+00   1.5193222674e-05  -8.1406185693e-01
2.8740000000e+00   1.5170474433e-05  -8.1345458316e-01
2.8760000000e+00   1.5147777741e-05  -8.1284821829e-01
2.8780000000e+00   1.5125132441e-05  -8.1224276025e-01
2.8800000000e+00   1.5102538375e-05  -8.1163820701e-01
2.8820000000e+00   1.5079995388e-05  -8.1103455650e-01
2.8840000000e+00   1.5057503324e-05  -8.1043180670e-01
2.8860000000e+00   1.5035062029e-05  -8.0982995556e-01
2.8880000000e+00   1.5012671347e-05  -8.0922900106e-01
2.8900000000e+00   1.4990331126e-05  -8.0862894118e-01
2.8920000000e+00   1.4968041213e-05  -8.0802977390e-01
2.8940000000e+00   1.4945801454e-05  -8.0743149722e-01
2.8960000000e+00   1.4923611698e-05  -8.0683410912e-01
2.8980000000e+00   1.4901471794e-05  -8.0623760762e-01
2.9000000000e+00   1.4879381591e-05  -8.0564199072e-01
2.9020000000e+00   1.4857340938e-05  -8.0504725643e-01
2.9040000000e+00   1.4835349686e-05  -8.0445340278e-01
2.9060000000e+00   1.4813407687e-05  -8.0386042780e-01
2.9080000000e+00   1.4791514791e-05  -8.0326832951e-01
2.9100000000e+00   1.4769670851e-05  -8.0267710596e-01
2.9120000000e+00   1.4747875719e-05  -8.0208675520e-01
2.9140000000e+00   1.4726129249e-05  -8.0149727526e-01
2.9160000000e+00   1.4704431294e-05  -8.0090866421e-01
2.9180000000e+00   1.4682781709e-05  -8.0032092011e-01
2.9200000000e+00   1.4661180349e-05  -7.9973404103e-01
2.9220000000e+00   1.4639627069e-05  -7.9914802504e-01
2.9240000000e+00   1.4618121725e-05  -7.9856287023e-01
2.9260000000e+00   1.4596664173e-05  -7.9797857467e-01
2.9280000000e+00   1.4575254272e-05  -7.9739513646e-01
2.9300000000e+00   1.4553891877e-05  -7.9681255369e-01
2.9320000000e+00   1.4532576849e-05  -7.9623082448e-01
2.9340000000e+00   1.4511309044e-05  -7.9564994692e-01
2.9360000000e+00   1.4490088323e-05  -7.9506991913e-01
2.9380000000e+00   1.4468914545e-05  -7.9449073923e-01
2.9400000000e+00   1.4447787571e-05  -7.9391240534e-01
2.9420000000e+00   1.4426707261e-05  -7.9333491560e-01
2.9440000000e+00   1.4405673477e-05  -7.9275826814e-01
2.9460000000e+00   1.4384686081e-05  -7.9218246110e-01
2.9480000000e+00   1.4363744934e-05  -7.9160749264e-01
2.9500000000e+00   1.4342849900e-05  -7.9103336089e-01
2.9520000000e+00   1.4322000843e-05  -7.9046006403e-01
2.9540000000e+00   1.4301197626e-05  -7.8988760022e-01
2.9560000000e+00   1.4280440113e-05  -7.8931596761e-01
2.9580000000e+00   1.4259728170e-05  -7.8874516440e-01
2.9600000000e+00   1.4239061662e-05  -7.8817518876e-01
2.9620000000e+00   1.4218440455e-05  -7.8760603886e-01
2.9640000000e+00   1.4197864416e-05  -7.8703771292e-01
2.9660000000e+00   1.4177333411e-05  -7.8647020911e-01
2.9680000000e+00   1.4156847308e-05  -7.8590352565e-01
2.9700000000e+00   1.4136405974e-05  -7.8533766073e-01
2.9720000000e+00   1.4116009279e-05  -7.8477261257e-01
2.9740000000e+00   1.4095657091e-05  -7.8420837940e-01
2.9760000000e+00   1.4075349279e-05  -7.8364495942e-01
2.9780000000e+00   1.4055085714e-05  -7.8308235086e-01
2.9800000000e+00   1.4034866265e-05  -7.8252055197e-01
2.9820000000e+00   1.4014690804e-05  -7.8195956098e-01
2.9840000000e+00   1.3994559203e-05  -7.8139937612e-01
2.9860000000e+00   1.3974471331e-05  -7.8083999566e-01
2.9880000000e+00   1.3954427063e-05  -7.8028141784e-01
2.9900000000e+00   1.3934426271e-05  -7.7972364091e-01
2.9920000000e+00   1.3914468828e-05  -7.7916666316e-01
2.9940000000e+00   1.3894554607e-05  -7.7861048283e-01
2.9960000000e+00   1.3874683484e-05  -7.7805509821e-01
2.9980000000e+00   1.3854855331e-05  -7.7750050758e-01
3.0000000000e+00   1.3835070026e-05  -7.7694670922e-01
# sum response = 3.5252313842e+04
