0.0000000000e+00   1.0291494910e-02  5.6911020957e+00
2.0000000000e-03   1.0442011223e-02  5.7325677421e+00
4.0000000000e-03   1.0595853870e-02  5.7746420660e+00
6.0000000000e-03   1.0753121590e-02  5.8173385687e+00
8.0000000000e-03   1.0913916815e-02  5.8606711539e+00
1.0000000000e-02   1.1078345836e-02  5.9046541424e+00
1.2000000000e-02   1.1246518976e-02  5.9493022885e+00
1.4000000000e-02   1.1418550777e-02  5.9946307958e+00
1.6000000000e-02   1.1594560195e-02  6.0406553350e+00
1.8000000000e-02   1.1774670806e-02  6.0873920618e+00
2.0000000000e-02   1.1959011023e-02  6.1348576357e+00
2.2000000000e-02   1.2147714324e-02  6.1830692399e+00
2.4000000000e-02   1.2340919493e-02  6.2320446021e+00
2.6000000000e-02   1.2538770879e-02  6.2818020161e+00
2.8000000000e-02   1.2741418661e-02  6.3323603646e+00
3.0000000000e-02   1.2949019136e-02  6.3837391431e+00
3.2000000000e-02   1.3161735020e-02  6.4359584852e+00
3.4000000000e-02   1.3379735766e-02  6.4890391886e+00
3.6000000000e-02   1.3603197903e-02  6.5430027426e+00
3.8000000000e-02   1.3832305392e-02  6.5978713576e+00
4.0000000000e-02   1.4067250005e-02  6.6536679952e+00
4.2000000000e-02   1.4308231728e-02  6.7104164004e+00
4.4000000000e-02   1.4555459185e-02  6.7681411352e+00
4.6000000000e-02   1.4809150089e-02  6.8268676140e+00
4.8000000000e-02   1.5069531725e-02  6.8866221411e+00
5.0000000000e-02   1.5336841456e-02  6.9474319499e+00
5.2000000000e-02   1.5611327263e-02  7.0093252442e+00
5.4000000000e-02   1.5893248326e-02  7.0723312418e+00
5.6000000000e-02   1.6182875630e-02  7.1364802207e+00
5.8000000000e-02   1.6480492620e-02  7.2018035674e+00
6.0000000000e-02   1.6786395892e-02  7.2683338282e+00
6.2000000000e-02   1.7100895935e-02  7.3361047632e+00
6.4000000000e-02   1.7424317919e-02  7.4051514037e+00
6.6000000000e-02   1.7757002532e-02  7.4755101120e+00
6.8000000000e-02   1.8099306884e-02  7.5472186459e+00
7.0000000000e-02   1.8451605459e-02  7.6203162259e+00
7.2000000000e-02   1.8814291144e-02  7.6948436067e+00
7.4000000000e-02   1.9187776324e-02  7.7708431533e+00
7.6000000000e-02   1.9572494054e-02  7.8483589207e+00
7.8000000000e-02   1.9968899315e-02  7.9274367398e+00
8.0000000000e-02   2.0377470359e-02  8.0081243072e+00
8.2000000000e-02   2.0798710155e-02  8.0904712813e+00
8.4000000000e-02   2.1233147936e-02  8.1745293844e+00
8.6000000000e-02   2.1681340860e-02  8.2603525107e+00
8.8000000000e-02   2.2143875800e-02  8.3479968418e+00
9.0000000000e-02   2.2621371266e-02  8.4375209691e+00
9.2000000000e-02   2.3114479473e-02  8.5289860246e+00
9.4000000000e-02   2.3623888568e-02  8.6224558203e+00
9.6000000000e-02   2.4150325035e-02  8.7179969960e+00
9.8000000000e-02   2.4694556284e-02  8.8156791786e+00
1.0000000000e-01   2.5257393451e-02  8.9155751505e+00
1.0200000000e-01   2.5839694421e-02  9.0177610310e+00
1.0400000000e-01   2.6442367099e-02  9.1223164697e+00
1.0600000000e-01   2.7066372953e-02  9.2293248531e+00
1.0800000000e-01   2.7712730847e-02  9.3388735270e+00
1.1000000000e-01   2.8382521207e-02  9.4510540339e+00
1.1200000000e-01   2.9076890535e-02  9.5659623680e+00
1.1400000000e-01   2.9797056321e-02  9.6836992495e+00
1.1600000000e-01   3.0544312384e-02  9.8043704190e+00
1.1800000000e-01   3.1320034683e-02  9.9280869540e+00
1.2000000000e-01   3.2125687661e-02  1.0054965610e+01
1.2200000000e-01   3.2962831156e-02  1.0185129188e+01
1.2400000000e-01   3.3833127962e-02  1.0318706932e+01
1.2600000000e-01   3.4738352087e-02  1.0455834953e+01
1.2800000000e-01   3.5680397805e-02  1.0596656699e+01
1.3000000000e-01   3.6661289572e-02  1.0741323448e+01
1.3200000000e-01   3.7683192909e-02  1.0889994853e+01
1.3400000000e-01   3.8748426369e-02  1.1042839533e+01
1.3600000000e-01   3.9859474694e-02  1.1200035704e+01
1.3800000000e-01   4.1019003323e-02  1.1361771879e+01
1.4000000000e-01   4.2229874389e-02  1.1528247618e+01
1.4200000000e-01   4.3495164398e-02  1.1699674349e+01
1.4400000000e-01   4.4818183793e-02  1.1876276269e+01
1.4600000000e-01   4.6202498624e-02  1.2058291315e+01
1.4800000000e-01   4.7651954605e-02  1.2245972238e+01
1.5000000000e-01   4.9170703853e-02  1.2439587774e+01
1.5200000000e-01   5.0763234651e-02  1.2639423925e+01
1.5400000000e-01   5.2434404650e-02  1.2845785373e+01
1.5600000000e-01   5.4189477956e-02  1.3058997023e+01
1.5800000000e-01   5.6034166629e-02  1.3279405719e+01
1.6000000000e-01   5.7974677220e-02  1.3507382116e+01
1.6200000000e-01   6.0017763046e-02  1.3743322772e+01
1.6400000000e-01   6.2170783020e-02  1.3987652438e+01
1.6600000000e-01   6.4441768011e-02  1.4240826618e+01
1.6800000000e-01   6.6839495838e-02  1.4503334399e+01
1.7000000000e-01   6.9373576214e-02  1.4775701608e+01
1.7200000000e-01   7.2054547185e-02  1.5058494320e+01
1.7400000000e-01   7.4893984852e-02  1.5352322794e+01
1.7600000000e-01   7.7904628546e-02  1.5657845862e+01
1.7800000000e-01   8.1100523958e-02  1.5975775863e+01
1.8000000000e-01   8.4497187254e-02  1.6306884186e+01
1.8200000000e-01   8.8111793753e-02  1.6652007518e+01
1.8400000000e-01   9.1963395463e-02  1.7012054905e+01
1.8600000000e-01   9.6073172643e-02  1.7388015744e+01
1.8800000000e-01   1.0046472559e-01  1.7780968862e+01
1.9000000000e-01   1.0516441419e-01  1.8192092854e+01
1.9200000000e-01   1.1020175441e-01  1.8622677889e+01
1.9400000000e-01   1.1560988280e-01  1.9074139230e+01
1.9600000000e-01   1.2142610284e-01  1.9548032775e+01
1.9800000000e-01   1.2769252990e-01  2.0046072966e+01
2.0000000000e-01   1.3445685576e-01  2.0570153514e+01
2.0200000000e-01   1.4177325864e-01  2.1122371457e+01
2.0400000000e-01   1.4970349141e-01  2.1705055196e+01
2.0600000000e-01   1.5831818880e-01  2.2320797315e+01
2.0800000000e-01   1.6769844565e-01  2.2972493131e+01
2.1000000000e-01   1.7793773226e-01  2.3663386216e+01
2.1200000000e-01   1.8914423176e-01  2.4397122371e+01
2.1400000000e-01   2.0144370923e-01  2.5177813970e+01
2.1600000000e-01   2.1498305533e-01  2.6010117059e+01
2.1800000000e-01   2.2993469216e-01  2.6899324262e+01
2.2000000000e-01   2.4650208949e-01  2.7851477419e+01
2.2200000000e-01   2.6492672322e-01  2.8873505005e+01
2.2400000000e-01   2.8549692361e-01  2.9973390952e+01
2.2600000000e-01   3.0855922336e-01  3.1160383570e+01
2.2800000000e-01   3.3453304658e-01  3.2445256121e+01
2.3000000000e-01   3.6392991179e-01  3.3840634613e+01
2.3200000000e-01   3.9737880666e-01  3.5361413925e+01
2.3400000000e-01   4.3566011019e-01  3.7025291341e+01
2.3600000000e-01   4.7975151800e-01  3.8853458055e+01
2.3800000000e-01   5.3089108177e-01  4.0871506018e+01
2.4000000000e-01   5.9066505876e-01  4.3110632648e+01
2.4200000000e-01   6.6113239140e-01  4.5609264112e+01
2.4400000000e-01   7.4500436982e-01  4.8415277266e+01
2.4600000000e-01   8.4590931175e-01  5.1589094578e+01
2.4800000000e-01   9.6879154455e-01  5.5208080150e+01
2.5000000000e-01   1.1205286054e+00  5.9372922772e+01
2.5200000000e-01   1.3109145140e+00  6.4217138765e+01
2.5400000000e-01   1.5542799946e+00  6.9921630372e+01
2.5600000000e-01   1.8722687373e+00  7.6737740745e+01
2.5800000000e-01   2.2988179991e+00  8.5025209409e+01
2.6000000000e-01   2.8895960247e+00  9.5317607910e+01
2.6200000000e-01   3.7411109992e+00  1.0844162078e+02
2.6400000000e-01   5.0327232168e+00  1.2574998166e+02
2.6600000000e-01   7.1292577353e+00  1.4961790653e+02
2.6800000000e-01   1.0869246252e+01  1.8463000461e+02
2.7000000000e-01   1.8550634745e+01  2.4090698875e+02
2.7200000000e-01   3.8493382447e+01  3.4591895785e+02
2.7400000000e-01   1.2167463075e+02  6.0672457401e+02
2.7600000000e-01   1.5950036765e+03  1.5733916602e+03
2.7800000000e-01   3.1216399386e+02  -9.4072166868e+02
2.8000000000e-01   6.2703394518e+01  -4.3977328591e+02
2.8200000000e-01   2.5732789943e+01  -2.8340926556e+02
2.8400000000e-01   1.3900102171e+01  -2.0868977650e+02
2.8600000000e-01   8.6812278402e+00  -1.6506085704e+02
2.8800000000e-01   5.9309023104e+00  -1.3649101390e+02
2.9000000000e-01   4.3067452360e+00  -1.1634037426e+02
2.9200000000e-01   3.2685338681e+00  -1.0136873442e+02
2.9400000000e-01   2.5649614696e+00  -8.9808301868e+01
2.9600000000e-01   2.0662890172e+00  -8.0613164394e+01
2.9800000000e-01   1.7000512283e+00  -7.3125132293e+01
3.0000000000e-01   1.4231960188e+00  -6.6909390229e+01
3.0200000000e-01   1.2088413770e+00  -6.1667182313e+01
3.0400000000e-01   1.0394999009e+00  -5.7186471285e+01
3.0600000000e-01   9.0339796136e-01  -5.3312611490e+01
3.0800000000e-01   7.9237365086e-01  -4.9930166598e+01
3.1000000000e-01   7.0062453426e-01  -4.6951226381e+01
3.1200000000e-01   6.2393412173e-01  -4.4307665254e+01
3.1400000000e-01   5.5917879398e-01  -4.1945873896e+01
3.1600000000e-01   5.0400472236e-01  -3.9823088965e+01
3.1800000000e-01   4.5661096128e-01  -3.7904782649e+01
3.2000000000e-01   4.1560063374e-01  -3.6162771447e+01
3.2200000000e-01   3.7987683276e-01  -3.4573823164e+01
3.2400000000e-01   3.4856851777e-01  -3.3118615460e+01
3.2600000000e-01   3.2097692040e-01  -3.1780946633e+01
3.2800000000e-01   2.9653622026e-01  -3.0547130125e+01
3.3000000000e-01   2.7478430799e-01  -2.9405524740e+01
3.3200000000e-01   2.5534078335e-01  -2.8346166351e+01
3.3400000000e-01   2.3789021226e-01  -2.7360476417e+01
3.3600000000e-01   2.2216925380e-01  -2.6441029243e+01
3.3800000000e-01   2.0795666773e-01  -2.5581364631e+01
3.4000000000e-01   1.9506548863e-01  -2.4775835909e+01
3.4200000000e-01   1.8333684614e-01  -2.4019485791e+01
3.4400000000e-01   1.7263504700e-01  -2.3307944287e+01
3.4600000000e-01   1.6284363296e-01  -2.2637344242e+01
3.4800000000e-01   1.5386219926e-01  -2.2004251038e+01
3.5000000000e-01   1.4560381056e-01  -2.1405603764e+01
3.5200000000e-01   1.3799288942e-01  -2.0838665741e+01
3.5400000000e-01   1.3096348107e-01  -2.0300982699e+01
3.5600000000e-01   1.2445781985e-01  -1.9790347266e+01
3.5800000000e-01   1.1842513865e-01  -1.9304768683e+01
3.6000000000e-01   1.1282067561e-01  -1.8842446873e+01
3.6200000000e-01   1.0760484141e-01  -1.8401750141e+01
3.6400000000e-01   1.0274251823e-01  -1.7981195941e+01
3.6600000000e-01   9.8202467130e-02  -1.7579434210e+01
3.6800000000e-01   9.3956825072e-02  -1.7195232900e+01
3.7000000000e-01   8.9980676395e-02  -1.6827465353e+01
3.7200000000e-01   8.6251686464e-02  -1.6475099270e+01
3.7400000000e-01   8.2749787345e-02  -1.6137187039e+01
3.7600000000e-01   7.9456907263e-02  -1.5812857220e+01
3.7800000000e-01   7.6356736980e-02  -1.5501307045e+01
3.8000000000e-01   7.3434527478e-02  -1.5201795785e+01
3.8200000000e-01   7.0676914213e-02  -1.4913638869e+01
3.8400000000e-01   6.8071764047e-02  -1.4636202662e+01
3.8600000000e-01   6.5608041559e-02  -1.4368899815e+01
3.8800000000e-01   6.3275691992e-02  -1.4111185113e+01
3.9000000000e-01   6.1065538509e-02  -1.3862551764e+01
3.9200000000e-01   5.8969191785e-02  -1.3622528072e+01
3.9400000000e-01   5.6978970284e-02  -1.3390674454e+01
3.9600000000e-01   5.5087829791e-02  -1.3166580749e+01
3.9800000000e-01   5.3289300996e-02  -1.2949863799e+01
4.0000000000e-01   5.1577434099e-02  -1.2740165263e+01
4.0200000000e-01   4.9946749538e-02  -1.2537149639e+01
4.0400000000e-01   4.8392194084e-02  -1.2340502473e+01
4.0600000000e-01   4.6909101653e-02  -1.2149928734e+01
4.0800000000e-01   4.5493158245e-02  -1.1965151338e+01
4.1000000000e-01   4.4140370543e-02  -1.1785909803e+01
4.1200000000e-01   4.2847037726e-02  -1.1611959025e+01
4.1400000000e-01   4.1609726129e-02  -1.1443068158e+01
4.1600000000e-01   4.0425246434e-02  -1.1279019592e+01
4.1800000000e-01   3.9290633095e-02  -1.1119608021e+01
4.2000000000e-01   3.8203125758e-02  -1.0964639581e+01
4.2200000000e-01   3.7160152461e-02  -1.0813931069e+01
4.2400000000e-01   3.6159314406e-02  -1.0667309213e+01
4.2600000000e-01   3.5198372160e-02  -1.0524610017e+01
4.2800000000e-01   3.4275233115e-02  -1.0385678140e+01
4.3000000000e-01   3.3387940087e-02  -1.0250366339e+01
4.3200000000e-01   3.2534660932e-02  -1.0118534944e+01
4.3400000000e-01   3.1713679083e-02  -9.9900513778e+00
4.3600000000e-01   3.0923384908e-02  -9.8647897145e+00
4.3800000000e-01   3.0162267817e-02  -9.7426302640e+00
4.4000000000e-01   2.9428909034e-02  -9.6234591923e+00
4.4200000000e-01   2.8721974986e-02  -9.5071681675e+00
4.4400000000e-01   2.8040211233e-02  -9.3936540314e+00
4.4600000000e-01   2.7382436899e-02  -9.2828184940e+00
4.4800000000e-01   2.6747539556e-02  -9.1745678501e+00
4.5000000000e-01   2.6134470519e-02  -9.0688127147e+00
4.5200000000e-01   2.5542240509e-02  -8.9654677771e+00
4.5400000000e-01   2.4969915665e-02  -8.8644515710e+00
4.5600000000e-01   2.4416613856e-02  -8.7656862610e+00
4.5800000000e-01   2.3881501281e-02  -8.6690974421e+00
4.6000000000e-01   2.3363789327e-02  -8.5746139526e+00
4.6200000000e-01   2.2862731663e-02  -8.4821676998e+00
4.6400000000e-01   2.2377621543e-02  -8.3916934960e+00
4.6600000000e-01   2.1907789320e-02  -8.3031289053e+00
4.6800000000e-01   2.1452600130e-02  -8.2164140998e+00
4.7000000000e-01   2.1011451745e-02  -8.1314917251e+00
4.7200000000e-01   2.0583772582e-02  -8.0483067735e+00
4.7400000000e-01   2.0169019851e-02  -7.9668064652e+00
4.7600000000e-01   1.9766677831e-02  -7.8869401370e+00
4.7800000000e-01   1.9376256266e-02  -7.8086591368e+00
4.8000000000e-01   1.8997288873e-02  -7.7319167250e+00
4.8200000000e-01   1.8629331944e-02  -7.6566679815e+00
4.8400000000e-01   1.8271963052e-02  -7.5828697179e+00
4.8600000000e-01   1.7924779836e-02  -7.5104803949e+00
4.8800000000e-01   1.7587398869e-02  -7.4394600443e+00
4.9000000000e-01   1.7259454595e-02  -7.3697701955e+00
4.9200000000e-01   1.6940598344e-02  -7.3013738058e+00
4.9400000000e-01   1.6630497402e-02  -7.2342351951e+00
4.9600000000e-01   1.6328834141e-02  -7.1683199835e+00
4.9800000000e-01   1.6035305210e-02  -7.1035950327e+00
5.0000000000e-01   1.5749620766e-02  -7.0400283907e+00
5.0200000000e-01   1.5471503765e-02  -6.9775892386e+00
5.0400000000e-01   1.5200689284e-02  -6.9162478416e+00
5.0600000000e-01   1.4936923895e-02  -6.8559755010e+00
5.0800000000e-01   1.4679965066e-02  -6.7967445101e+00
5.1000000000e-01   1.4429580611e-02  -6.7385281110e+00
5.1200000000e-01   1.4185548158e-02  -6.6813004551e+00
5.1400000000e-01   1.3947654659e-02  -6.6250365641e+00
5.1600000000e-01   1.3715695923e-02  -6.5697122944e+00
5.1800000000e-01   1.3489476181e-02  -6.5153043017e+00
5.2000000000e-01   1.3268807669e-02  -6.4617900090e+00
5.2200000000e-01   1.3053510240e-02  -6.4091475745e+00
5.2400000000e-01   1.2843410995e-02  -6.3573558629e+00
5.2600000000e-01   1.2638343939e-02  -6.3063944161e+00
5.2800000000e-01   1.2438149648e-02  -6.2562434269e+00
5.3000000000e-01   1.2242674965e-02  -6.2068837130e+00
5.3200000000e-01   1.2051772701e-02  -6.1582966930e+00
5.3400000000e-01   1.1865301362e-02  -6.1104643623e+00
5.3600000000e-01   1.1683124886e-02  -6.0633692717e+00
5.3800000000e-01   1.1505112393e-02  -6.0169945056e+00
5.4000000000e-01   1.1331137951e-02  -5.9713236618e+00
5.4200000000e-01   1.1161080353e-02  -5.9263408326e+00
5.4400000000e-01   1.0994822909e-02  -5.8820305857e+00
5.4600000000e-01   1.0832253238e-02  -5.8383779471e+00
5.4800000000e-01   1.0673263087e-02  -5.7953683839e+00
5.5000000000e-01   1.0517748145e-02  -5.7529877883e+00
5.5200000000e-01   1.0365607873e-02  -5.7112224619e+00
5.5400000000e-01   1.0216745342e-02  -5.6700591015e+00
5.5600000000e-01   1.0071067081e-02  -5.6294847844e+00
5.5800000000e-01   9.9284829234e-03  -5.5894869552e+00
5.6000000000e-01   9.7889058758e-03  -5.5500534129e+00
5.6200000000e-01   9.6522519793e-03  -5.5111722980e+00
5.6400000000e-01   9.5184401857e-03  -5.4728320814e+00
5.6600000000e-01   9.3873922367e-03  -5.4350215522e+00
5.6800000000e-01   9.2590325497e-03  -5.3977298074e+00
5.7000000000e-01   9.1332881085e-03  -5.3609462408e+00
5.7200000000e-01   9.0100883597e-03  -5.3246605338e+00
5.7400000000e-01   8.8893651136e-03  -5.2888626448e+00
5.7600000000e-01   8.7710524499e-03  -5.2535428007e+00
5.7800000000e-01   8.6550866275e-03  -5.2186914874e+00
5.8000000000e-01   8.5414059988e-03  -5.1842994417e+00
5.8200000000e-01   8.4299509278e-03  -5.1503576430e+00
5.8400000000e-01   8.3206637117e-03  -5.1168573053e+00
5.8600000000e-01   8.2134885064e-03  -5.0837898694e+00
5.8800000000e-01   8.1083712549e-03  -5.0511469964e+00
5.9000000000e-01   8.0052596193e-03  -5.0189205596e+00
5.9200000000e-01   7.9041029157e-03  -4.9871026387e+00
5.9400000000e-01   7.8048520516e-03  -4.9556855129e+00
5.9600000000e-01   7.7074594667e-03  -4.9246616544e+00
5.9800000000e-01   7.6118790759e-03  -4.8940237230e+00
6.0000000000e-01   7.5180662142e-03  -4.8637645598e+00
6.0200000000e-01   7.4259775853e-03  -4.8338771818e+00
6.0400000000e-01   7.3355712111e-03  -4.8043547765e+00
6.0600000000e-01   7.2468063841e-03  -4.7751906970e+00
6.0800000000e-01   7.1596436215e-03  -4.7463784565e+00
6.1000000000e-01   7.0740446212e-03  -4.7179117237e+00
6.1200000000e-01   6.9899722201e-03  -4.6897843185e+00
6.1400000000e-01   6.9073903530e-03  -4.6619902071e+00
6.1600000000e-01   6.8262640148e-03  -4.6345234976e+00
6.1800000000e-01   6.7465592227e-03  -4.6073784365e+00
6.2000000000e-01   6.6682429813e-03  -4.5805494039e+00
6.2200000000e-01   6.5912832476e-03  -4.5540309101e+00
6.2400000000e-01   6.5156488990e-03  -4.5278175917e+00
6.2600000000e-01   6.4413097013e-03  -4.5019042080e+00
6.2800000000e-01   6.3682362790e-03  -4.4762856374e+00
6.3000000000e-01   6.2964000858e-03  -4.4509568744e+00
6.3200000000e-01   6.2257733768e-03  -4.4259130257e+00
6.3400000000e-01   6.1563291823e-03  -4.4011493078e+00
6.3600000000e-01   6.0880412810e-03  -4.3766610433e+00
6.3800000000e-01   6.0208841764e-03  -4.3524436583e+00
6.4000000000e-01   5.9548330722e-03  -4.3284926796e+00
6.4200000000e-01   5.8898638497e-03  -4.3048037316e+00
6.4400000000e-01   5.8259530459e-03  -4.2813725340e+00
6.4600000000e-01   5.7630778322e-03  -4.2581948991e+00
6.4800000000e-01   5.7012159941e-03  -4.2352667291e+00
6.5000000000e-01   5.6403459115e-03  -4.2125840141e+00
6.5200000000e-01   5.5804465400e-03  -4.1901428294e+00
6.5400000000e-01   5.5214973925e-03  -4.1679393332e+00
6.5600000000e-01   5.4634785220e-03  -4.1459697649e+00
6.5800000000e-01   5.4063705046e-03  -4.1242304424e+00
6.6000000000e-01   5.3501544233e-03  -4.1027177603e+00
6.6200000000e-01   5.2948118523e-03  -4.0814281880e+00
6.6400000000e-01   5.2403248421e-03  -4.0603582674e+00
6.6600000000e-01   5.1866759049e-03  -4.0395046115e+00
6.6800000000e-01   5.1338480006e-03  -4.0188639023e+00
6.7000000000e-01   5.0818245236e-03  -3.9984328890e+00
6.7200000000e-01   5.0305892894e-03  -3.9782083865e+00
6.7400000000e-01   4.9801265224e-03  -3.9581872735e+00
6.7600000000e-01   4.9304208435e-03  -3.9383664911e+00
6.7800000000e-01   4.8814572591e-03  -3.9187430410e+00
6.8000000000e-01   4.8332211493e-03  -3.8993139843e+00
6.8200000000e-01   4.7856982574e-03  -3.8800764398e+00
6.8400000000e-01   4.7388746792e-03  -3.8610275824e+00
6.8600000000e-01   4.6927368534e-03  -3.8421646423e+00
6.8800000000e-01   4.6472715518e-03  -3.8234849030e+00
6.9000000000e-01   4.6024658696e-03  -3.8049857004e+00
6.9200000000e-01   4.5583072170e-03  -3.7866644212e+00
6.9400000000e-01   4.5147833103e-03  -3.7685185021e+00
6.9600000000e-01   4.4718821634e-03  -3.7505454282e+00
6.9800000000e-01   4.4295920803e-03  -3.7327427319e+00
7.0000000000e-01   4.3879016470e-03  -3.7151079920e+00
7.0200000000e-01   4.3467997242e-03  -3.6976388321e+00
7.0400000000e-01   4.3062754403e-03  -3.6803329203e+00
7.0600000000e-01   4.2663181847e-03  -3.6631879671e+00
7.0800000000e-01   4.2269176011e-03  -3.6462017254e+00
7.1000000000e-01   4.1880635812e-03  -3.6293719887e+00
7.1200000000e-01   4.1497462592e-03  -3.6126965906e+00
7.1400000000e-01   4.1119560058e-03  -3.5961734037e+00
7.1600000000e-01   4.0746834228e-03  -3.5798003386e+00
7.1800000000e-01   4.0379193383e-03  -3.5635753431e+00
7.2000000000e-01   4.0016548019e-03  -3.5474964011e+00
7.2200000000e-01   3.9658810797e-03  -3.5315615320e+00
7.2400000000e-01   3.9305896511e-03  -3.5157687898e+00
7.2600000000e-01   3.8957722039e-03  -3.5001162619e+00
7.2800000000e-01   3.8614206317e-03  -3.4846020687e+00
7.3000000000e-01   3.8275270303e-03  -3.4692243625e+00
7.3200000000e-01   3.7940836949e-03  -3.4539813271e+00
7.3400000000e-01   3.7610831181e-03  -3.4388711764e+00
7.3600000000e-01   3.7285179875e-03  -3.4238921542e+00
7.3800000000e-01   3.6963811850e-03  -3.4090425328e+00
7.4000000000e-01   3.6646657850e-03  -3.3943206131e+00
7.4200000000e-01   3.6333650549e-03  -3.3797247228e+00
7.4400000000e-01   3.6024724552e-03  -3.3652532165e+00
7.4600000000e-01   3.5719816405e-03  -3.3509044744e+00
7.4800000000e-01   3.5418864615e-03  -3.3366769018e+00
7.5000000000e-01   3.5121809681e-03  -3.3225689281e+00
7.5200000000e-01   3.4828594134e-03  -3.3085790061e+00
7.5400000000e-01   3.4539162590e-03  -3.2947056113e+00
7.5600000000e-01   3.4253461816e-03  -3.2809472408e+00
7.5800000000e-01   3.3971440823e-03  -3.2673024126e+00
7.6000000000e-01   3.3693050967e-03  -3.2537696645e+00
7.6200000000e-01   3.3418246080e-03  -3.2403475536e+00
7.6400000000e-01   3.3146982637e-03  -3.2270346545e+00
7.6600000000e-01   3.2879219949e-03  -3.2138295591e+00
7.6800000000e-01   3.2614920400e-03  -3.2007308745e+00
7.7000000000e-01   3.2354049740e-03  -3.1877372227e+00
7.7200000000e-01   3.2096577439e-03  -3.1748472383e+00
7.7400000000e-01   3.1842477116e-03  -3.1620595674e+00
7.7600000000e-01   3.1591727067e-03  -3.1493728658e+00
7.7800000000e-01   3.1344310906e-03  -3.1367857968e+00
7.8000000000e-01   3.1100218358e-03  -3.1242970293e+00
7.8200000000e-01   3.0859446241e-03  -3.1119052348e+00
7.8400000000e-01   3.0621999672e-03  -3.0996090844e+00
7.8600000000e-01   3.0387893591e-03  -3.0874072454e+00
7.8800000000e-01   3.0157154654e-03  -3.0752983768e+00
7.9000000000e-01   2.9929823643e-03  -3.0632811242e+00
7.9200000000e-01   2.9705958528e-03  -3.0513541137e+00
7.9400000000e-01   2.9485638400e-03  -3.0395159440e+00
7.9600000000e-01   2.9268968568e-03  -3.0277651773e+00
7.9800000000e-01   2.9056087224e-03  -3.0161003274e+00
8.0000000000e-01   2.8847174254e-03  -3.0045198448e+00
8.0200000000e-01   2.8642463019e-03  -2.9930220982e+00
8.0400000000e-01   2.8442256306e-03  -2.9816053494e+00
8.0600000000e-01   2.8246948213e-03  -2.9702677223e+00
8.0800000000e-01   2.8057054643e-03  -2.9590071601e+00
8.1000000000e-01   2.7873256488e-03  -2.9478213688e+00
8.1200000000e-01   2.7696461930e-03  -2.9367077397e+00
8.1400000000e-01   2.7527898150e-03  -2.9256632416e+00
8.1600000000e-01   2.7369249472e-03  -2.9146842683e+00
8.1800000000e-01   2.7222870853e-03  -2.9037664164e+00
8.2000000000e-01   2.7092127646e-03  -2.8929041565e+00
8.2200000000e-01   2.6981954737e-03  -2.8820903288e+00
8.2400000000e-01   2.6899813232e-03  -2.8713153464e+00
8.2600000000e-01   2.6857403749e-03  -2.8605658850e+00
8.2800000000e-01   2.6873906009e-03  -2.8498226286e+00
8.3000000000e-01   2.6982521507e-03  -2.8390561695e+00
8.3200000000e-01   2.7244811471e-03  -2.8282190227e+00
8.3400000000e-01   2.7785569638e-03  -2.8172286670e+00
8.3600000000e-01   2.8890222566e-03  -2.8059271878e+00
8.3800000000e-01   3.1335154583e-03  -2.7939689106e+00
8.4000000000e-01   3.7896170888e-03  -2.7804254831e+00
8.4200000000e-01   6.5132032898e-03  -2.7617428410e+00
8.4400000000e-01   5.1146834929e-02  -2.7178098181e+00
8.4600000000e-01   1.4380788458e-02  -2.7973229090e+00
8.4800000000e-01   4.7020032301e-03  -2.7690718308e+00
8.5000000000e-01   3.3198495585e-03  -2.7537976349e+00
8.5200000000e-01   2.8732428564e-03  -2.7415785474e+00
8.5400000000e-01   2.6686966234e-03  -2.7305504873e+00
8.5600000000e-01   2.5537897773e-03  -2.7201292166e+00
8.5800000000e-01   2.4796377521e-03  -2.7100741032e+00
8.6000000000e-01   2.4266870645e-03  -2.7002679343e+00
8.6200000000e-01   2.3858793736e-03  -2.6906466787e+00
8.6400000000e-01   2.3525520053e-03  -2.6811722865e+00
8.6600000000e-01   2.3241060633e-03  -2.6718206270e+00
8.6800000000e-01   2.2989996825e-03  -2.6625755747e+00
8.7000000000e-01   2.2762708701e-03  -2.6534258748e+00
8.7200000000e-01   2.2552939508e-03  -2.6443633755e+00
8.7400000000e-01   2.2356475070e-03  -2.6353819784e+00
8.7600000000e-01   2.2170390847e-03  -2.6264769893e+00
8.7800000000e-01   2.1992603991e-03  -2.6176447010e+00
8.8000000000e-01   2.1821596981e-03  -2.6088821174e+00
8.8200000000e-01   2.1656241638e-03  -2.6001867656e+00
8.8400000000e-01   2.1495683908e-03  -2.5915565655e+00
8.8600000000e-01   2.1339266581e-03  -2.5829897363e+00
8.8800000000e-01   2.1186476300e-03  -2.5744847297e+00
8.9000000000e-01   2.1036906512e-03  -2.5660401800e+00
8.9200000000e-01   2.0890231119e-03  -2.5576548672e+00
8.9400000000e-01   2.0746185418e-03  -2.5493276886e+00
8.9600000000e-01   2.0604552131e-03  -2.5410576376e+00
8.9800000000e-01   2.0465151016e-03  -2.5328437866e+00
9.0000000000e-01   2.0327831052e-03  -2.5246852741e+00
9.0200000000e-01   2.0192464498e-03  -2.5165812940e+00
9.0400000000e-01   2.0058942316e-03  -2.5085310874e+00
9.0600000000e-01   1.9927170628e-03  -2.5005339360e+00
9.0800000000e-01   1.9797067935e-03  -2.4925891563e+00
9.1000000000e-01   1.9668562925e-03  -2.4846960953e+00
9.1200000000e-01   1.9541592723e-03  -2.4768541269e+00
9.1400000000e-01   1.9416101492e-03  -2.4690626486e+00
9.1600000000e-01   1.9292039302e-03  -2.4613210790e+00
9.1800000000e-01   1.9169361212e-03  -2.4536288557e+00
9.2000000000e-01   1.9048026516e-03  -2.4459854334e+00
9.2200000000e-01   1.8927998127e-03  -2.4383902821e+00
9.2400000000e-01   1.8809242065e-03  -2.4308428864e+00
9.2600000000e-01   1.8691727033e-03  -2.4233427437e+00
9.2800000000e-01   1.8575424058e-03  -2.4158893634e+00
9.3000000000e-01   1.8460306198e-03  -2.4084822662e+00
9.3200000000e-01   1.8346348289e-03  -2.4011209831e+00
9.3400000000e-01   1.8233526728e-03  -2.3938050550e+00
9.3600000000e-01   1.8121819296e-03  -2.3865340318e+00
9.3800000000e-01   1.8011205003e-03  -2.3793074720e+00
9.4000000000e-01   1.7901663952e-03  -2.3721249426e+00
9.4200000000e-01   1.7793177229e-03  -2.3649860179e+00
9.4400000000e-01   1.7685726798e-03  -2.3578902799e+00
9.4600000000e-01   1.7579295422e-03  -2.3508373176e+00
9.4800000000e-01   1.7473866586e-03  -2.3438267266e+00
9.5000000000e-01   1.7369424428e-03  -2.3368581092e+00
9.5200000000e-01   1.7265953689e-03  -2.3299310737e+00
9.5400000000e-01   1.7163439656e-03  -2.3230452346e+00
9.5600000000e-01   1.7061868124e-03  -2.3162002120e+00
9.5800000000e-01   1.6961225352e-03  -2.3093956318e+00
9.6000000000e-01   1.6861498031e-03  -2.3026311250e+00
9.6200000000e-01   1.6762673252e-03  -2.2959063280e+00
9.6400000000e-01   1.6664738480e-03  -2.2892208825e+00
9.6600000000e-01   1.6567681527e-03  -2.2825744349e+00
9.6800000000e-01   1.6471490531e-03  -2.2759666363e+00
9.7000000000e-01   1.6376153940e-03  -2.2693971427e+00
9.7200000000e-01   1.6281660485e-03  -2.2628656148e+00
9.7400000000e-01   1.6187999174e-03  -2.2563717173e+00
9.7600000000e-01   1.6095159270e-03  -2.2499151196e+00
9.7800000000e-01   1.6003130282e-03  -2.2434954953e+00
9.8000000000e-01   1.5911901949e-03  -2.2371125220e+00
9.8200000000e-01   1.5821464233e-03  -2.2307658815e+00
9.8400000000e-01   1.5731807306e-03  -2.2244552595e+00
9.8600000000e-01   1.5642921540e-03  -2.2181803456e+00
9.8800000000e-01   1.5554797502e-03  -2.2119408334e+00
9.9000000000e-01   1.5467425943e-03  -2.2057364199e+00
9.9200000000e-01   1.5380797792e-03  -2.1995668059e+00
9.9400000000e-01   1.5294904146e-03  -2.1934316959e+00
9.9600000000e-01   1.5209736270e-03  -2.1873307979e+00
9.9800000000e-01   1.5125285585e-03  -2.1812638232e+00
1.0000000000e+00   1.5041543666e-03  -2.1752304868e+00
1.0020000000e+00   1.4958502236e-03  -2.1692305066e+00
1.0040000000e+00   1.4876153160e-03  -2.1632636042e+00
1.0060000000e+00   1.4794488442e-03  -2.1573295042e+00
1.0080000000e+00   1.4713500222e-03  -2.1514279345e+00
1.0100000000e+00   1.4633180766e-03  -2.1455586260e+00
1.0120000000e+00   1.4553522471e-03  -2.1397213128e+00
1.0140000000e+00   1.4474517854e-03  -2.1339157318e+00
1.0160000000e+00   1.4396159553e-03  -2.1281416231e+00
1.0180000000e+00   1.4318440321e-03  -2.1223987296e+00
1.0200000000e+00   1.4241353027e-03  -2.1166867971e+00
1.0220000000e+00   1.4164890646e-03  -2.1110055743e+00
1.0240000000e+00   1.4089046266e-03  -2.1053548125e+00
1.0260000000e+00   1.4013813075e-03  -2.0997342659e+00
1.0280000000e+00   1.3939184367e-03  -2.0941436915e+00
1.0300000000e+00   1.3865153534e-03  -2.0885828487e+00
1.0320000000e+00   1.3791714068e-03  -2.0830514997e+00
1.0340000000e+00   1.3718859553e-03  -2.0775494092e+00
1.0360000000e+00   1.3646583671e-03  -2.0720763445e+00
1.0380000000e+00   1.3574880193e-03  -2.0666320755e+00
1.0400000000e+00   1.3503742978e-03  -2.0612163743e+00
1.0420000000e+00   1.3433165975e-03  -2.0558290157e+00
1.0440000000e+00   1.3363143220e-03  -2.0504697769e+00
1.0460000000e+00   1.3293668828e-03  -2.0451384372e+00
1.0480000000e+00   1.3224737002e-03  -2.0398347785e+00
1.0500000000e+00   1.3156342022e-03  -2.0345585850e+00
1.0520000000e+00   1.3088478249e-03  -2.0293096429e+00
1.0540000000e+00   1.3021140120e-03  -2.0240877410e+00
1.0560000000e+00   1.2954322150e-03  -2.0188926701e+00
1.0580000000e+00   1.2888018927e-03  -2.0137242233e+00
1.0600000000e+00   1.2822225114e-03  -2.0085821956e+00
1.0620000000e+00   1.2756935443e-03  -2.0034663844e+00
1.0640000000e+00   1.2692144721e-03  -1.9983765890e+00
1.0660000000e+00   1.2627847820e-03  -1.9933126110e+00
1.0680000000e+00   1.2564039683e-03  -1.9882742537e+00
1.0700000000e+00   1.2500715319e-03  -1.9832613228e+00
1.0720000000e+00   1.2437869801e-03  -1.9782736256e+00
1.0740000000e+00   1.2375498270e-03  -1.9733109716e+00
1.0760000000e+00   1.2313595928e-03  -1.9683731722e+00
1.0780000000e+00   1.2252158039e-03  -1.9634600407e+00
1.0800000000e+00   1.2191179930e-03  -1.9585713922e+00
1.0820000000e+00   1.2130656988e-03  -1.9537070437e+00
1.0840000000e+00   1.2070584658e-03  -1.9488668140e+00
1.0860000000e+00   1.2010958444e-03  -1.9440505239e+00
1.0880000000e+00   1.1951773908e-03  -1.9392579957e+00
1.0900000000e+00   1.1893026667e-03  -1.9344890537e+00
1.0920000000e+00   1.1834712394e-03  -1.9297435239e+00
1.0940000000e+00   1.1776826817e-03  -1.9250212338e+00
1.0960000000e+00   1.1719365717e-03  -1.9203220129e+00
1.0980000000e+00   1.1662324929e-03  -1.9156456922e+00
1.1000000000e+00   1.1605700339e-03  -1.9109921044e+00
1.1020000000e+00   1.1549487884e-03  -1.9063610839e+00
1.1040000000e+00   1.1493683551e-03  -1.9017524665e+00
1.1060000000e+00   1.1438283378e-03  -1.8971660899e+00
1.1080000000e+00   1.1383283450e-03  -1.8926017931e+00
1.1100000000e+00   1.1328679903e-03  -1.8880594169e+00
1.1120000000e+00   1.1274468916e-03  -1.8835388034e+00
1.1140000000e+00   1.1220646719e-03  -1.8790397964e+00
1.1160000000e+00   1.1167209584e-03  -1.8745622411e+00
1.1180000000e+00   1.1114153831e-03  -1.8701059842e+00
1.1200000000e+00   1.1061475822e-03  -1.8656708739e+00
1.1220000000e+00   1.1009171966e-03  -1.8612567599e+00
1.1240000000e+00   1.0957238713e-03  -1.8568634931e+00
1.1260000000e+00   1.0905672555e-03  -1.8524909261e+00
1.1280000000e+00   1.0854470027e-03  -1.8481389127e+00
1.1300000000e+00   1.0803627705e-03  -1.8438073081e+00
1.1320000000e+00   1.0753142206e-03  -1.8394959689e+00
1.1340000000e+00   1.0703010187e-03  -1.8352047530e+00
1.1360000000e+00   1.0653228344e-03  -1.8309335199e+00
1.1380000000e+00   1.0603793411e-03  -1.8266821299e+00
1.1400000000e+00   1.0554702163e-03  -1.8224504450e+00
1.1420000000e+00   1.0505951410e-03  -1.8182383284e+00
1.1440000000e+00   1.0457538002e-03  -1.8140456446e+00
1.1460000000e+00   1.0409458822e-03  -1.8098722591e+00
1.1480000000e+00   1.0361710794e-03  -1.8057180389e+00
1.1500000000e+00   1.0314290872e-03  -1.8015828521e+00
1.1520000000e+00   1.0267196051e-03  -1.7974665682e+00
1.1540000000e+00   1.0220423356e-03  -1.7933690577e+00
1.1560000000e+00   1.0173969848e-03  -1.7892901923e+00
1.1580000000e+00   1.0127832623e-03  -1.7852298449e+00
1.1600000000e+00   1.0082008808e-03  -1.7811878896e+00
1.1620000000e+00   1.0036495563e-03  -1.7771642017e+00
1.1640000000e+00   9.9912900829e-04  -1.7731586573e+00
1.1660000000e+00   9.9463895909e-04  -1.7691711340e+00
1.1680000000e+00   9.9017913437e-04  -1.7652015104e+00
1.1700000000e+00   9.8574926286e-04  -1.7612496660e+00
1.1720000000e+00   9.8134907632e-04  -1.7573154816e+00
1.1740000000e+00   9.7697830956e-04  -1.7533988391e+00
1.1760000000e+00   9.7263670033e-04  -1.7494996211e+00
1.1780000000e+00   9.6832398932e-04  -1.7456177117e+00
1.1800000000e+00   9.6403992013e-04  -1.7417529958e+00
1.1820000000e+00   9.5978423919e-04  -1.7379053593e+00
1.1840000000e+00   9.5555669575e-04  -1.7340746891e+00
1.1860000000e+00   9.5135704185e-04  -1.7302608732e+00
1.1880000000e+00   9.4718503225e-04  -1.7264638005e+00
1.1900000000e+00   9.4304042442e-04  -1.7226833609e+00
1.1920000000e+00   9.3892297851e-04  -1.7189194454e+00
1.1940000000e+00   9.3483245727e-04  -1.7151719457e+00
1.1960000000e+00   9.3076862608e-04  -1.7114407546e+00
1.1980000000e+00   9.2673125285e-04  -1.7077257658e+00
1.2000000000e+00   9.2272010805e-04  -1.7040268740e+00
1.2020000000e+00   9.1873496461e-04  -1.7003439746e+00
1.2040000000e+00   9.1477559795e-04  -1.6966769642e+00
1.2060000000e+00   9.1084178590e-04  -1.6930257400e+00
1.2080000000e+00   9.0693330870e-04  -1.6893902003e+00
1.2100000000e+00   9.0304994895e-04  -1.6857702442e+00
1.2120000000e+00   8.9919149159e-04  -1.6821657717e+00
1.2140000000e+00   8.9535772386e-04  -1.6785766835e+00
1.2160000000e+00   8.9154843528e-04  -1.6750028813e+00
1.2180000000e+00   8.8776341760e-04  -1.6714442677e+00
1.2200000000e+00   8.8400246481e-04  -1.6679007459e+00
1.2220000000e+00   8.8026537307e-04  -1.6643722202e+00
1.2240000000e+00   8.7655194072e-04  -1.6608585953e+00
1.2260000000e+00   8.7286196821e-04  -1.6573597773e+00
1.2280000000e+00   8.6919525812e-04  -1.6538756725e+00
1.2300000000e+00   8.6555161508e-04  -1.6504061883e+00
1.2320000000e+00   8.6193084579e-04  -1.6469512328e+00
1.2340000000e+00   8.5833275899e-04  -1.6435107150e+00
1.2360000000e+00   8.5475716538e-04  -1.6400845445e+00
1.2380000000e+00   8.5120387767e-04  -1.6366726317e+00
1.2400000000e+00   8.4767271052e-04  -1.6332748877e+00
1.2420000000e+00   8.4416348050e-04  -1.6298912244e+00
1.2440000000e+00   8.4067600608e-04  -1.6265215545e+00
1.2460000000e+00   8.3721010763e-04  -1.6231657912e+00
1.2480000000e+00   8.3376560736e-04  -1.6198238487e+00
1.2500000000e+00   8.3034232930e-04  -1.6164956416e+00
1.2520000000e+00   8.2694009932e-04  -1.6131810855e+00
1.2540000000e+00   8.2355874504e-04  -1.6098800964e+00
1.2560000000e+00   8.2019809589e-04  -1.6065925913e+00
1.2580000000e+00   8.1685798299e-04  -1.6033184877e+00
1.2600000000e+00   8.1353823923e-04  -1.6000577037e+00
1.2620000000e+00   8.1023869916e-04  -1.5968101582e+00
1.2640000000e+00   8.0695919904e-04  -1.5935757707e+00
1.2660000000e+00   8.0369957677e-04  -1.5903544614e+00
1.2680000000e+00   8.0045967190e-04  -1.5871461511e+00
1.2700000000e+00   7.9723932560e-04  -1.5839507613e+00
1.2720000000e+00   7.9403838062e-04  -1.5807682139e+00
1.2740000000e+00   7.9085668131e-04  -1.5775984318e+00
1.2760000000e+00   7.8769407358e-04  -1.5744413382e+00
1.2780000000e+00   7.8455040487e-04  -1.5712968571e+00
1.2800000000e+00   7.8142552414e-04  -1.5681649130e+00
1.2820000000e+00   7.7831928188e-04  -1.5650454311e+00
1.2840000000e+00   7.7523153005e-04  -1.5619383372e+00
1.2860000000e+00   7.7216212207e-04  -1.5588435575e+00
1.2880000000e+00   7.6911091283e-04  -1.5557610190e+00
1.2900000000e+00   7.6607775865e-04  -1.5526906491e+00
1.2920000000e+00   7.6306251726e-04  -1.5496323760e+00
1.2940000000e+00   7.6006504779e-04  -1.5465861283e+00
1.2960000000e+00   7.5708521076e-04  -1.5435518351e+00
1.2980000000e+00   7.5412286807e-04  -1.5405294262e+00
1.3000000000e+00   7.5117788294e-04  -1.5375188319e+00
1.3020000000e+00   7.4825011996e-04  -1.5345199830e+00
1.3040000000e+00   7.4533944501e-04  -1.5315328110e+00
1.3060000000e+00   7.4244572529e-04  -1.5285572477e+00
1.3080000000e+00   7.3956882930e-04  -1.5255932255e+00
1.3100000000e+00   7.3670862679e-04  -1.5226406775e+00
1.3120000000e+00   7.3386498879e-04  -1.5196995372e+00
1.3140000000e+00   7.3103778756e-04  -1.5167697385e+00
1.3160000000e+00   7.2822689659e-04  -1.5138512159e+00
1.3180000000e+00   7.2543219061e-04  -1.5109439044e+00
1.3200000000e+00   7.2265354552e-04  -1.5080477396e+00
1.3220000000e+00   7.1989083843e-04  -1.5051626574e+00
1.3240000000e+00   7.1714394762e-04  -1.5022885944e+00
1.3260000000e+00   7.1441275252e-04  -1.4994254876e+00
1.3280000000e+00   7.1169713373e-04  -1.4965732742e+00
1.3300000000e+00   7.0899697296e-04  -1.4937318925e+00
1.3320000000e+00   7.0631215305e-04  -1.4909012806e+00
1.3340000000e+00   7.0364255797e-04  -1.4880813775e+00
1.3360000000e+00   7.0098807275e-04  -1.4852721225e+00
1.3380000000e+00   6.9834858353e-04  -1.4824734554e+00
1.3400000000e+00   6.9572397752e-04  -1.4796853164e+00
1.3420000000e+00   6.9311414297e-04  -1.4769076463e+00
1.3440000000e+00   6.9051896920e-04  -1.4741403862e+00
1.3460000000e+00   6.8793834656e-04  -1.4713834776e+00
1.3480000000e+00   6.8537216642e-04  -1.4686368626e+00
1.3500000000e+00   6.8282032116e-04  -1.4659004835e+00
1.3520000000e+00   6.8028270416e-04  -1.4631742834e+00
1.3540000000e+00   6.7775920981e-04  -1.4604582054e+00
1.3560000000e+00   6.7524973346e-04  -1.4577521934e+00
1.3580000000e+00   6.7275417143e-04  -1.4550561913e+00
1.3600000000e+00   6.7027242100e-04  -1.4523701439e+00
1.3620000000e+00   6.6780438040e-04  -1.4496939960e+00
1.3640000000e+00   6.6534994879e-04  -1.4470276930e+00
1.3660000000e+00   6.6290902627e-04  -1.4443711806e+00
1.3680000000e+00   6.6048151384e-04  -1.4417244051e+00
1.3700000000e+00   6.5806731341e-04  -1.4390873130e+00
1.3720000000e+00   6.5566632779e-04  -1.4364598512e+00
1.3740000000e+00   6.5327846068e-04  -1.4338419671e+00
1.3760000000e+00   6.5090361663e-04  -1.4312336083e+00
1.3780000000e+00   6.4854170110e-04  -1.4286347230e+00
1.3800000000e+00   6.4619262038e-04  -1.4260452597e+00
1.3820000000e+00   6.4385628160e-04  -1.4234651672e+00
1.3840000000e+00   6.4153259276e-04  -1.4208943947e+00
1.3860000000e+00   6.3922146265e-04  -1.4183328918e+00
1.3880000000e+00   6.3692280092e-04  -1.4157806085e+00
1.3900000000e+00   6.3463651800e-04  -1.4132374950e+00
1.3920000000e+00   6.3236252514e-04  -1.4107035020e+00
1.3940000000e+00   6.3010073439e-04  -1.4081785805e+00
1.3960000000e+00   6.2785105858e-04  -1.4056626820e+00
1.3980000000e+00   6.2561341130e-04  -1.4031557580e+00
1.4000000000e+00   6.2338770693e-04  -1.4006577608e+00
1.4020000000e+00   6.2117386060e-04  -1.3981686425e+00
1.4040000000e+00   6.1897178822e-04  -1.3956883561e+00
1.4060000000e+00   6.1678140640e-04  -1.3932168546e+00
1.4080000000e+00   6.1460263251e-04  -1.3907540913e+00
1.4100000000e+00   6.1243538467e-04  -1.3883000201e+00
1.4120000000e+00   6.1027958168e-04  -1.3858545949e+00
1.4140000000e+00   6.0813514308e-04  -1.3834177702e+00
1.4160000000e+00   6.0600198912e-04  -1.3809895006e+00
1.4180000000e+00   6.0388004073e-04  -1.3785697412e+00
1.4200000000e+00   6.0176921955e-04  -1.3761584473e+00
1.4220000000e+00   5.9966944789e-04  -1.3737555745e+00
1.4240000000e+00   5.9758064873e-04  -1.3713610789e+00
1.4260000000e+00   5.9550274576e-04  -1.3689749166e+00
1.4280000000e+00   5.9343566328e-04  -1.3665970443e+00
1.4300000000e+00   5.9137932629e-04  -1.3642274188e+00
1.4320000000e+00   5.8933366041e-04  -1.3618659973e+00
1.4340000000e+00   5.8729859192e-04  -1.3595127371e+00
1.4360000000e+00   5.8527404773e-04  -1.3571675962e+00
1.4380000000e+00   5.8325995538e-04  -1.3548305326e+00
1.4400000000e+00   5.8125624302e-04  -1.3525015045e+00
1.4420000000e+00   5.7926283944e-04  -1.3501804706e+00
1.4440000000e+00   5.7727967403e-04  -1.3478673898e+00
1.4460000000e+00   5.7530667678e-04  -1.3455622213e+00
1.4480000000e+00   5.7334377827e-04  -1.3432649246e+00
1.4500000000e+00   5.7139090969e-04  -1.3409754594e+00
1.4520000000e+00   5.6944800281e-04  -1.3386937857e+00
1.4540000000e+00   5.6751498998e-04  -1.3364198639e+00
1.4560000000e+00   5.6559180410e-04  -1.3341536543e+00
1.4580000000e+00   5.6367837868e-04  -1.3318951180e+00
1.4600000000e+00   5.6177464775e-04  -1.3296442160e+00
1.4620000000e+00   5.5988054594e-04  -1.3274009096e+00
1.4640000000e+00   5.5799600838e-04  -1.3251651605e+00
1.4660000000e+00   5.5612097079e-04  -1.3229369305e+00
1.4680000000e+00   5.5425536941e-04  -1.3207161817e+00
1.4700000000e+00   5.5239914101e-04  -1.3185028766e+00
1.4720000000e+00   5.5055222290e-04  -1.3162969777e+00
1.4740000000e+00   5.4871455290e-04  -1.3140984480e+00
1.4760000000e+00   5.4688606936e-04  -1.3119072506e+00
1.4780000000e+00   5.4506671114e-04  -1.3097233488e+00
1.4800000000e+00   5.4325641762e-04  -1.3075467063e+00
1.4820000000e+00   5.4145512865e-04  -1.3053772870e+00
1.4840000000e+00   5.3966278461e-04  -1.3032150548e+00
1.4860000000e+00   5.3787932635e-04  -1.3010599743e+00
1.4880000000e+00   5.3610469524e-04  -1.2989120099e+00
1.4900000000e+00   5.3433883309e-04  -1.2967711265e+00
1.4920000000e+00   5.3258168223e-04  -1.2946372891e+00
1.4940000000e+00   5.3083318543e-04  -1.2925104630e+00
1.4960000000e+00   5.2909328596e-04  -1.2903906136e+00
1.4980000000e+00   5.2736192752e-04  -1.2882777067e+00
1.5000000000e+00   5.2563905430e-04  -1.2861717083e+00
1.5020000000e+00   5.2392461094e-04  -1.2840725844e+00
1.5040000000e+00   5.2221854251e-04  -1.2819803016e+00
1.5060000000e+00   5.2052079455e-04  -1.2798948264e+00
1.5080000000e+00   5.1883131303e-04  -1.2778161256e+00
1.5100000000e+00   5.1715004437e-04  -1.2757441663e+00
1.5120000000e+00   5.1547693540e-04  -1.2736789157e+00
1.5140000000e+00   5.1381193341e-04  -1.2716203414e+00
1.5160000000e+00   5.1215498610e-04  -1.2695684109e+00
1.5180000000e+00   5.1050604158e-04  -1.2675230921e+00
1.5200000000e+00   5.0886504840e-04  -1.2654843533e+00
1.5220000000e+00   5.0723195550e-04  -1.2634521625e+00
1.5240000000e+00   5.0560671225e-04  -1.2614264885e+00
1.5260000000e+00   5.0398926841e-04  -1.2594072997e+00
1.5280000000e+00   5.0237957415e-04  -1.2573945653e+00
1.5300000000e+00   5.0077758003e-04  -1.2553882542e+00
1.5320000000e+00   4.9918323702e-04  -1.2533883357e+00
1.5340000000e+00   4.9759649646e-04  -1.2513947794e+00
1.5360000000e+00   4.9601731008e-04  -1.2494075549e+00
1.5380000000e+00   4.9444563001e-04  -1.2474266322e+00
1.5400000000e+00   4.9288140874e-04  -1.2454519812e+00
1.5420000000e+00   4.9132459913e-04  -1.2434835722e+00
1.5440000000e+00   4.8977515444e-04  -1.2415213758e+00
1.5460000000e+00   4.8823302827e-04  -1.2395653625e+00
1.5480000000e+00   4.8669817460e-04  -1.2376155031e+00
1.5500000000e+00   4.8517054777e-04  -1.2356717686e+00
1.5520000000e+00   4.8365010247e-04  -1.2337341303e+00
1.5540000000e+00   4.8213679375e-04  -1.2318025595e+00
1.5560000000e+00   4.8063057701e-04  -1.2298770277e+00
1.5580000000e+00   4.7913140801e-04  -1.2279575067e+00
1.5600000000e+00   4.7763924283e-04  -1.2260439683e+00
1.5620000000e+00   4.7615403790e-04  -1.2241363846e+00
1.5640000000e+00   4.7467575002e-04  -1.2222347279e+00
1.5660000000e+00   4.7320433627e-04  -1.2203389706e+00
1.5680000000e+00   4.7173975410e-04  -1.2184490852e+00
1.5700000000e+00   4.7028196129e-04  -1.2165650446e+00
1.5720000000e+00   4.6883091592e-04  -1.2146868217e+00
1.5740000000e+00   4.6738657642e-04  -1.2128143895e+00
1.5760000000e+00   4.6594890151e-04  -1.2109477213e+00
1.5780000000e+00   4.6451785027e-04  -1.2090867905e+00
1.5800000000e+00   4.6309338205e-04  -1.2072315708e+00
1.5820000000e+00   4.6167545654e-04  -1.2053820358e+00
1.5840000000e+00   4.6026403372e-04  -1.2035381596e+00
1.5860000000e+00   4.5885907389e-04  -1.2016999160e+00
1.5880000000e+00   4.5746053764e-04  -1.1998672795e+00
1.5900000000e+00   4.5606838588e-04  -1.1980402243e+00
1.5920000000e+00   4.5468257979e-04  -1.1962187250e+00
1.5940000000e+00   4.5330308086e-04  -1.1944027563e+00
1.5960000000e+00   4.5192985087e-04  -1.1925922930e+00
1.5980000000e+00   4.5056285190e-04  -1.1907873102e+00
1.6000000000e+00   4.4920204629e-04  -1.1889877830e+00
1.6020000000e+00   4.4784739669e-04  -1.1871936867e+00
1.6040000000e+00   4.4649886602e-04  -1.1854049967e+00
1.6060000000e+00   4.4515641747e-04  -1.1836216886e+00
1.6080000000e+00   4.4382001452e-04  -1.1818437383e+00
1.6100000000e+00   4.4248962092e-04  -1.1800711215e+00
1.6120000000e+00   4.4116520070e-04  -1.1783038143e+00
1.6140000000e+00   4.3984671814e-04  -1.1765417930e+00
1.6160000000e+00   4.3853413780e-04  -1.1747850337e+00
1.6180000000e+00   4.3722742449e-04  -1.1730335130e+00
1.6200000000e+00   4.3592654331e-04  -1.1712872075e+00
1.6220000000e+00   4.3463145959e-04  -1.1695460939e+00
1.6240000000e+00   4.3334213893e-04  -1.1678101491e+00
1.6260000000e+00   4.3205854719e-04  -1.1660793501e+00
1.6280000000e+00   4.3078065046e-04  -1.1643536741e+00
1.6300000000e+00   4.2950841512e-04  -1.1626330983e+00
1.6320000000e+00   4.2824180775e-04  -1.1609176002e+00
1.6340000000e+00   4.2698079522e-04  -1.1592071573e+00
1.6360000000e+00   4.2572534462e-04  -1.1575017474e+00
1.6380000000e+00   4.2447542328e-04  -1.1558013481e+00
1.6400000000e+00   4.2323099877e-04  -1.1541059376e+00
1.6420000000e+00   4.2199203892e-04  -1.1524154938e+00
1.6440000000e+00   4.2075851177e-04  -1.1507299949e+00
1.6460000000e+00   4.1953038559e-04  -1.1490494194e+00
1.6480000000e+00   4.1830762891e-04  -1.1473737456e+00
1.6500000000e+00   4.1709021046e-04  -1.1457029521e+00
1.6520000000e+00   4.1587809922e-04  -1.1440370177e+00
1.6540000000e+00   4.1467126437e-04  -1.1423759211e+00
1.6560000000e+00   4.1346967533e-04  -1.1407196414e+00
1.6580000000e+00   4.1227330175e-04  -1.1390681577e+00
1.6600000000e+00   4.1108211347e-04  -1.1374214490e+00
1.6620000000e+00   4.0989608059e-04  -1.1357794947e+00
1.6640000000e+00   4.0871517337e-04  -1.1341422744e+00
1.6660000000e+00   4.0753936234e-04  -1.1325097674e+00
1.6680000000e+00   4.0636861820e-04  -1.1308819536e+00
1.6700000000e+00   4.0520291189e-04  -1.1292588126e+00
1.6720000000e+00   4.0404221454e-04  -1.1276403244e+00
1.6740000000e+00   4.0288649748e-04  -1.1260264691e+00
1.6760000000e+00   4.0173573227e-04  -1.1244172267e+00
1.6780000000e+00   4.0058989066e-04  -1.1228125775e+00
1.6800000000e+00   3.9944894459e-04  -1.1212125018e+00
1.6820000000e+00   3.9831286621e-04  -1.1196169802e+00
1.6840000000e+00   3.9718162788e-04  -1.1180259932e+00
1.6860000000e+00   3.9605520213e-04  -1.1164395216e+00
1.6880000000e+00   3.9493356170e-04  -1.1148575460e+00
1.6900000000e+00   3.9381667953e-04  -1.1132800475e+00
1.6920000000e+00   3.9270452873e-04  -1.1117070071e+00
1.6940000000e+00   3.9159708262e-04  -1.1101384058e+00
1.6960000000e+00   3.9049431469e-04  -1.1085742250e+00
1.6980000000e+00   3.8939619864e-04  -1.1070144459e+00
1.7000000000e+00   3.8830270833e-04  -1.1054590500e+00
1.7020000000e+00   3.8721381782e-04  -1.1039080188e+00
1.7040000000e+00   3.8612950133e-04  -1.1023613341e+00
1.7060000000e+00   3.8504973330e-04  -1.1008189775e+00
1.7080000000e+00   3.8397448831e-04  -1.0992809310e+00
1.7100000000e+00   3.8290374113e-04  -1.0977471764e+00
1.7120000000e+00   3.8183746671e-04  -1.0962176958e+00
1.7140000000e+00   3.8077564017e-04  -1.0946924714e+00
1.7160000000e+00   3.7971823680e-04  -1.0931714855e+00
1.7180000000e+00   3.7866523208e-04  -1.0916547204e+00
1.7200000000e+00   3.7761660163e-04  -1.0901421586e+00
1.7220000000e+00   3.7657232127e-04  -1.0886337825e+00
1.7240000000e+00   3.7553236695e-04  -1.0871295750e+00
1.7260000000e+00   3.7449671482e-04  -1.0856295186e+00
1.7280000000e+00   3.7346534118e-04  -1.0841335962e+00
1.7300000000e+00   3.7243822249e-04  -1.0826417909e+00
1.7320000000e+00   3.7141533538e-04  -1.0811540855e+00
1.7340000000e+00   3.7039665663e-04  -1.0796704633e+00
1.7360000000e+00   3.6938216318e-04  -1.0781909074e+00
1.7380000000e+00   3.6837183215e-04  -1.0767154011e+00
1.7400000000e+00   3.6736564079e-04  -1.0752439279e+00
1.7420000000e+00   3.6636356651e-04  -1.0737764712e+00
1.7440000000e+00   3.6536558688e-04  -1.0723130146e+00
1.7460000000e+00   3.6437167962e-04  -1.0708535418e+00
1.7480000000e+00   3.6338182260e-04  -1.0693980364e+00
1.7500000000e+00   3.6239599385e-04  -1.0679464825e+00
1.7520000000e+00   3.6141417153e-04  -1.0664988638e+00
1.7540000000e+00   3.6043633397e-04  -1.0650551645e+00
1.7560000000e+00   3.5946245963e-04  -1.0636153685e+00
1.7580000000e+00   3.5849252712e-04  -1.0621794602e+00
1.7600000000e+00   3.5752651518e-04  -1.0607474237e+00
1.7620000000e+00   3.5656440273e-04  -1.0593192435e+00
1.7640000000e+00   3.5560616880e-04  -1.0578949040e+00
1.7660000000e+00   3.5465179257e-04  -1.0564743897e+00
1.7680000000e+00   3.5370125336e-04  -1.0550576852e+00
1.7700000000e+00   3.5275453062e-04  -1.0536447752e+00
1.7720000000e+00   3.5181160396e-04  -1.0522356445e+00
1.7740000000e+00   3.5087245309e-04  -1.0508302779e+00
1.7760000000e+00   3.4993705790e-04  -1.0494286605e+00
1.7780000000e+00   3.4900539837e-04  -1.0480307771e+00
1.7800000000e+00   3.4807745465e-04  -1.0466366130e+00
1.7820000000e+00   3.4715320699e-04  -1.0452461532e+00
1.7840000000e+00   3.4623263580e-04  -1.0438593830e+00
1.7860000000e+00   3.4531572160e-04  -1.0424762878e+00
1.7880000000e+00   3.4440244504e-04  -1.0410968530e+00
1.7900000000e+00   3.4349278691e-04  -1.0397210640e+00
1.7920000000e+00   3.4258672811e-04  -1.0383489065e+00
1.7940000000e+00   3.4168424968e-04  -1.0369803660e+00
1.7960000000e+00   3.4078533279e-04  -1.0356154283e+00
1.7980000000e+00   3.3988995870e-04  -1.0342540792e+00
1.8000000000e+00   3.3899810884e-04  -1.0328963046e+00
1.8020000000e+00   3.3810976473e-04  -1.0315420903e+00
1.8040000000e+00   3.3722490801e-04  -1.0301914224e+00
1.8060000000e+00   3.3634352046e-04  -1.0288442870e+00
1.8080000000e+00   3.3546558396e-04  -1.0275006702e+00
1.8100000000e+00   3.3459108052e-04  -1.0261605583e+00
1.8120000000e+00   3.3371999226e-04  -1.0248239376e+00
1.8140000000e+00   3.3285230143e-04  -1.0234907944e+00
1.8160000000e+00   3.3198799037e-04  -1.0221611152e+00
1.8180000000e+00   3.3112704155e-04  -1.0208348865e+00
1.8200000000e+00   3.3026943757e-04  -1.0195120950e+00
1.8220000000e+00   3.2941516111e-04  -1.0181927272e+00
1.8240000000e+00   3.2856419497e-04  -1.0168767698e+00
1.8260000000e+00   3.2771652209e-04  -1.0155642098e+00
1.8280000000e+00   3.2687212548e-04  -1.0142550338e+00
1.8300000000e+00   3.2603098828e-04  -1.0129492289e+00
1.8320000000e+00   3.2519309374e-04  -1.0116467821e+00
1.8340000000e+00   3.2435842522e-04  -1.0103476804e+00
1.8360000000e+00   3.2352696616e-04  -1.0090519110e+00
1.8380000000e+00   3.2269870014e-04  -1.0077594610e+00
1.8400000000e+00   3.2187361083e-04  -1.0064703177e+00
1.8420000000e+00   3.2105168200e-04  -1.0051844684e+00
1.8440000000e+00   3.2023289753e-04  -1.0039019006e+00
1.8460000000e+00   3.1941724140e-04  -1.0026226016e+00
1.8480000000e+00   3.1860469770e-04  -1.0013465590e+00
1.8500000000e+00   3.1779525060e-04  -1.0000737604e+00
1.8520000000e+00   3.1698888440e-04  -9.9880419339e-01
1.8540000000e+00   3.1618558348e-04  -9.9753784573e-01
1.8560000000e+00   3.1538533231e-04  -9.9627470517e-01
1.8580000000e+00   3.1458811548e-04  -9.9501475953e-01
1.8600000000e+00   3.1379391768e-04  -9.9375799672e-01
1.8620000000e+00   3.1300272366e-04  -9.9250440469e-01
1.8640000000e+00   3.1221451831e-04  -9.9125397144e-01
1.8660000000e+00   3.1142928659e-04  -9.9000668507e-01
1.8680000000e+00   3.1064701356e-04  -9.8876253370e-01
1.8700000000e+00   3.0986768438e-04  -9.8752150553e-01
1.8720000000e+00   3.0909128428e-04  -9.8628358881e-01
1.8740000000e+00   3.0831779861e-04  -9.8504877185e-01
1.8760000000e+00   3.0754721281e-04  -9.8381704303e-01
1.8780000000e+00   3.0677951239e-04  -9.8258839078e-01
1.8800000000e+00   3.0601468296e-04  -9.8136280359e-01
1.8820000000e+00   3.0525271023e-04  -9.8014026999e-01
1.8840000000e+00   3.0449357998e-04  -9.7892077859e-01
1.8860000000e+00   3.0373727810e-04  -9.7770431805e-01
1.8880000000e+00   3.0298379055e-04  -9.7649087708e-01
1.8900000000e+00   3.0223310339e-04  -9.7528044446e-01
1.8920000000e+00   3.0148520275e-04  -9.7407300900e-01
1.8940000000e+00   3.0074007486e-04  -9.7286855960e-01
1.8960000000e+00   2.9999770603e-04  -9.7166708518e-01
1.8980000000e+00   2.9925808266e-04  -9.7046857475e-01
1.9000000000e+00   2.9852119122e-04  -9.6927301734e-01
1.9020000000e+00   2.9778701827e-04  -9.6808040205e-01
1.9040000000e+00   2.9705555046e-04  -9.6689071803e-01
1.9060000000e+00   2.9632677452e-04  -9.6570395450e-01
1.9080000000e+00   2.9560067725e-04  -9.6452010071e-01
1.9100000000e+00   2.9487724553e-04  -9.6333914597e-01
1.9120000000e+00   2.9415646635e-04  -9.6216107965e-01
1.9140000000e+00   2.9343832674e-04  -9.6098589116e-01
1.9160000000e+00   2.9272281384e-04  -9.5981356998e-01
1.9180000000e+00   2.9200991484e-04  -9.5864410560e-01
1.9200000000e+00   2.9129961703e-04  -9.5747748762e-01
1.9220000000e+00   2.9059190778e-04  -9.5631370565e-01
1.9240000000e+00   2.8988677451e-04  -9.5515274935e-01
1.9260000000e+00   2.8918420474e-04  -9.5399460846e-01
1.9280000000e+00   2.8848418606e-04  -9.5283927274e-01
1.9300000000e+00   2.8778670614e-04  -9.5168673201e-01
1.9320000000e+00   2.8709175270e-04  -9.5053697614e-01
1.9340000000e+00   2.8639931357e-04  -9.4938999506e-01
1.9360000000e+00   2.8570937662e-04  -9.4824577872e-01
1.9380000000e+00   2.8502192982e-04  -9.4710431714e-01
1.9400000000e+00   2.8433696120e-04  -9.4596560039e-01
1.9420000000e+00   2.8365445885e-04  -9.4482961857e-01
1.9440000000e+00   2.8297441096e-04  -9.4369636185e-01
1.9460000000e+00   2.8229680577e-04  -9.4256582043e-01
1.9480000000e+00   2.8162163159e-04  -9.4143798457e-01
1.9500000000e+00   2.8094887681e-04  -9.4031284456e-01
1.9520000000e+00   2.8027852988e-04  -9.3919039075e-01
1.9540000000e+00   2.7961057932e-04  -9.3807061352e-01
1.9560000000e+00   2.7894501373e-04  -9.3695350333e-01
1.9580000000e+00   2.7828182176e-04  -9.3583905064e-01
1.9600000000e+00   2.7762099214e-04  -9.3472724600e-01
1.9620000000e+00   2.7696251367e-04  -9.3361807996e-01
1.9640000000e+00   2.7630637519e-04  -9.3251154316e-01
1.9660000000e+00   2.7565256565e-04  -9.3140762625e-01
1.9680000000e+00   2.7500107403e-04  -9.3030631993e-01
1.9700000000e+00   2.7435188937e-04  -9.2920761496e-01
1.9720000000e+00   2.7370500082e-04  -9.2811150214e-01
1.9740000000e+00   2.7306039754e-04  -9.2701797229e-01
1.9760000000e+00   2.7241806880e-04  -9.2592701630e-01
1.9780000000e+00   2.7177800389e-04  -9.2483862510e-01
1.9800000000e+00   2.7114019219e-04  -9.2375278964e-01
1.9820000000e+00   2.7050462314e-04  -9.2266950094e-01
1.9840000000e+00   2.6987128624e-04  -9.2158875005e-01
1.9860000000e+00   2.6924017104e-04  -9.2051052806e-01
1.9880000000e+00   2.6861126717e-04  -9.1943482610e-01
1.9900000000e+00   2.6798456431e-04  -9.1836163536e-01
1.9920000000e+00   2.6736005219e-04  -9.1729094703e-01
1.9940000000e+00   2.6673772063e-04  -9.1622275240e-01
1.9960000000e+00   2.6611755947e-04  -9.1515704274e-01
1.9980000000e+00   2.6549955864e-04  -9.1409380940e-01
2.0000000000e+00   2.6488370812e-04  -9.1303304376e-01
2.0020000000e+00   2.6426999793e-04  -9.1197473724e-01
2.0040000000e+00   2.6365841818e-04  -9.1091888129e-01
2.0060000000e+00   2.6304895902e-04  -9.0986546742e-01
2.0080000000e+00   2.6244161065e-04  -9.0881448716e-01
2.0100000000e+00   2.6183636333e-04  -9.0776593208e-01
2.0120000000e+00   2.6123320738e-04  -9.0671979381e-01
2.0140000000e+00   2.6063213319e-04  -9.0567606399e-01
2.0160000000e+00   2.6003313118e-04  -9.0463473433e-01
2.0180000000e+00   2.5943619183e-04  -9.0359579654e-01
2.0200000000e+00   2.5884130569e-04  -9.0255924240e-01
2.0220000000e+00   2.5824846335e-04  -9.0152506371e-01
2.0240000000e+00   2.5765765546e-04  -9.0049325232e-01
2.0260000000e+00   2.5706887272e-04  -8.9946380010e-01
2.0280000000e+00   2.5648210589e-04  -8.9843669898e-01
2.0300000000e+00   2.5589734577e-04  -8.9741194091e-01
2.0320000000e+00   2.5531458323e-04  -8.9638951789e-01
2.0340000000e+00   2.5473380916e-04  -8.9536942193e-01
2.0360000000e+00   2.5415501455e-04  -8.9435164510e-01
2.0380000000e+00   2.5357819039e-04  -8.9333617951e-01
2.0400000000e+00   2.5300332777e-04  -8.9232301729e-01
2.0420000000e+00   2.5243041779e-04  -8.9131215061e-01
2.0440000000e+00   2.5185945162e-04  -8.9030357168e-01
2.0460000000e+00   2.5129042047e-04  -8.8929727274e-01
2.0480000000e+00   2.5072331562e-04  -8.8829324607e-01
2.0500000000e+00   2.5015812838e-04  -8.8729148398e-01
2.0520000000e+00   2.4959485010e-04  -8.8629197882e-01
2.0540000000e+00   2.4903347221e-04  -8.8529472296e-01
2.0560000000e+00   2.4847398617e-04  -8.8429970883e-01
2.0580000000e+00   2.4791638347e-04  -8.8330692887e-01
2.0600000000e+00   2.4736065569e-04  -8.8231637558e-01
2.0620000000e+00   2.4680679442e-04  -8.8132804145e-01
2.0640000000e+00   2.4625479131e-04  -8.8034191905e-01
2.0660000000e+00   2.4570463807e-04  -8.7935800096e-01
2.0680000000e+00   2.4515632643e-04  -8.7837627980e-01
2.0700000000e+00   2.4460984818e-04  -8.7739674821e-01
2.0720000000e+00   2.4406519516e-04  -8.7641939888e-01
2.0740000000e+00   2.4352235924e-04  -8.7544422453e-01
2.0760000000e+00   2.4298133237e-04  -8.7447121790e-01
2.0780000000e+00   2.4244210649e-04  -8.7350037177e-01
2.0800000000e+00   2.4190467364e-04  -8.7253167896e-01
2.0820000000e+00   2.4136902587e-04  -8.7156513230e-01
2.0840000000e+00   2.4083515528e-04  -8.7060072468e-01
2.0860000000e+00   2.4030305401e-04  -8.6963844899e-01
2.0880000000e+00   2.3977271427e-04  -8.6867829819e-01
2.0900000000e+00   2.3924412828e-04  -8.6772026523e-01
2.0920000000e+00   2.3871728831e-04  -8.6676434313e-01
2.0940000000e+00   2.3819218670e-04  -8.6581052490e-01
2.0960000000e+00   2.3766881578e-04  -8.6485880361e-01
2.0980000000e+00   2.3714716798e-04  -8.6390917236e-01
2.1000000000e+00   2.3662723573e-04  -8.6296162427e-01
2.1020000000e+00   2.3610901152e-04  -8.6201615248e-01
2.1040000000e+00   2.3559248788e-04  -8.6107275019e-01
2.1060000000e+00   2.3507765736e-04  -8.6013141060e-01
2.1080000000e+00   2.3456451259e-04  -8.5919212697e-01
2.1100000000e+00   2.3405304620e-04  -8.5825489255e-01
2.1120000000e+00   2.3354325090e-04  -8.5731970065e-01
2.1140000000e+00   2.3303511939e-04  -8.5638654460e-01
2.1160000000e+00   2.3252864446e-04  -8.5545541776e-01
2.1180000000e+00   2.3202381891e-04  -8.5452631352e-01
2.1200000000e+00   2.3152063559e-04  -8.5359922529e-01
2.1220000000e+00   2.3101908737e-04  -8.5267414653e-01
2.1240000000e+00   2.3051916718e-04  -8.5175107069e-01
2.1260000000e+00   2.3002086800e-04  -8.5082999130e-01
2.1280000000e+00   2.2952418280e-04  -8.4991090187e-01
2.1300000000e+00   2.2902910463e-04  -8.4899379596e-01
2.1320000000e+00   2.2853562657e-04  -8.4807866716e-01
2.1340000000e+00   2.2804374173e-04  -8.4716550909e-01
2.1360000000e+00   2.2755344325e-04  -8.4625431538e-01
2.1380000000e+00   2.2706472432e-04  -8.4534507970e-01
2.1400000000e+00   2.2657757817e-04  -8.4443779575e-01
2.1420000000e+00   2.2609199805e-04  -8.4353245725e-01
2.1440000000e+00   2.2560797725e-04  -8.4262905794e-01
2.1460000000e+00   2.2512550912e-04  -8.4172759162e-01
2.1480000000e+00   2.2464458700e-04  -8.4082805207e-01
2.1500000000e+00   2.2416520431e-04  -8.3993043313e-01
2.1520000000e+00   2.2368735449e-04  -8.3903472865e-01
2.1540000000e+00   2.2321103099e-04  -8.3814093251e-01
2.1560000000e+00   2.2273622734e-04  -8.3724903862e-01
2.1580000000e+00   2.2226293706e-04  -8.3635904092e-01
2.1600000000e+00   2.2179115374e-04  -8.3547093337e-01
2.1620000000e+00   2.2132087098e-04  -8.3458470994e-01
2.1640000000e+00   2.2085208243e-04  -8.3370036466e-01
2.1660000000e+00   2.2038478177e-04  -8.3281789155e-01
2.1680000000e+00   2.1991896270e-04  -8.3193728468e-01
2.1700000000e+00   2.1945461896e-04  -8.3105853813e-01
2.1720000000e+00   2.1899174434e-04  -8.3018164601e-01
2.1740000000e+00   2.1853033264e-04  -8.2930660246e-01
2.1760000000e+00   2.1807037771e-04  -8.2843340165e-01
2.1780000000e+00   2.1761187341e-04  -8.2756203775e-01
2.1800000000e+00   2.1715481366e-04  -8.2669250498e-01
2.1820000000e+00   2.1669919239e-04  -8.2582479756e-01
2.1840000000e+00   2.1624500357e-04  -8.2495890977e-01
2.1860000000e+00   2.1579224121e-04  -8.2409483587e-01
2.1880000000e+00   2.1534089933e-04  -8.2323257018e-01
2.1900000000e+00   2.1489097200e-04  -8.2237210702e-01
2.1920000000e+00   2.1444245332e-04  -8.2151344076e-01
2.1940000000e+00   2.1399533740e-04  -8.2065656576e-01
2.1960000000e+00   2.1354961842e-04  -8.1980147643e-01
2.1980000000e+00   2.1310529055e-04  -8.1894816719e-01
2.2000000000e+00   2.1266234801e-04  -8.1809663249e-01
2.2020000000e+00   2.1222078504e-04  -8.1724686680e-01
2.2040000000e+00   2.1178059593e-04  -8.1639886461e-01
2.2060000000e+00   2.1134177499e-04  -8.1555262043e-01
2.2080000000e+00   2.1090431654e-04  -8.1470812882e-01
2.2100000000e+00   2.1046821495e-04  -8.1386538432e-01
2.2120000000e+00   2.1003346462e-04  -8.1302438152e-01
2.2140000000e+00   2.0960005996e-04  -8.1218511503e-01
2.2160000000e+00   2.0916799544e-04  -8.1134757948e-01
2.2180000000e+00   2.0873726553e-04  -8.1051176951e-01
2.2200000000e+00   2.0830786474e-04  -8.0967767980e-01
2.2220000000e+00   2.0787978761e-04  -8.0884530505e-01
2.2240000000e+00   2.0745302871e-04  -8.0801463996e-01
2.2260000000e+00   2.0702758261e-04  -8.0718567929e-01
2.2280000000e+00   2.0660344396e-04  -8.0635841778e-01
2.2300000000e+00   2.0618060739e-04  -8.0553285022e-01
2.2320000000e+00   2.0575906758e-04  -8.0470897141e-01
2.2340000000e+00   2.0533881923e-04  -8.0388677617e-01
2.2360000000e+00   2.0491985708e-04  -8.0306625935e-01
2.2380000000e+00   2.0450217588e-04  -8.0224741582e-01
2.2400000000e+00   2.0408577041e-04  -8.0143024046e-01
2.2420000000e+00   2.0367063548e-04  -8.0061472817e-01
2.2440000000e+00   2.0325676593e-04  -7.9980087390e-01
2.2460000000e+00   2.0284415663e-04  -7.9898867258e-01
2.2480000000e+00   2.0243280245e-04  -7.9817811918e-01
2.2500000000e+00   2.0202269832e-04  -7.9736920870e-01
2.2520000000e+00   2.0161383917e-04  -7.9656193614e-01
2.2540000000e+00   2.0120621998e-04  -7.9575629654e-01
2.2560000000e+00   2.0079983572e-04  -7.9495228494e-01
2.2580000000e+00   2.0039468142e-04  -7.9414989642e-01
2.2600000000e+00   1.9999075213e-04  -7.9334912606e-01
2.2620000000e+00   1.9958804289e-04  -7.9254996898e-01
2.2640000000e+00   1.9918654882e-04  -7.9175242030e-01
2.2660000000e+00   1.9878626502e-04  -7.9095647517e-01
2.2680000000e+00   1.9838718663e-04  -7.9016212877e-01
2.2700000000e+00   1.9798930882e-04  -7.8936937628e-01
2.2720000000e+00   1.9759262677e-04  -7.8857821291e-01
2.2740000000e+00   1.9719713571e-04  -7.8778863388e-01
2.2760000000e+00   1.9680283086e-04  -7.8700063444e-01
2.2780000000e+00   1.9640970749e-04  -7.8621420985e-01
2.2800000000e+00   1.9601776089e-04  -7.8542935540e-01
2.2820000000e+00   1.9562698635e-04  -7.8464606640e-01
2.2840000000e+00   1.9523737922e-04  -7.8386433815e-01
2.2860000000e+00   1.9484893485e-04  -7.8308416601e-01
2.2880000000e+00   1.9446164860e-04  -7.8230554532e-01
2.2900000000e+00   1.9407551590e-04  -7.8152847147e-01
2.2920000000e+00   1.9369053215e-04  -7.8075293985e-01
2.2940000000e+00   1.9330669280e-04  -7.7997894588e-01
2.2960000000e+00   1.9292399333e-04  -7.7920648498e-01
2.2980000000e+00   1.9254242922e-04  -7.7843555261e-01
2.3000000000e+00   1.9216199599e-04  -7.7766614423e-01
2.3020000000e+00   1.9178268917e-04  -7.7689825533e-01
2.3040000000e+00   1.9140450432e-04  -7.7613188141e-01
2.3060000000e+00   1.9102743702e-04  -7.7536701799e-01
2.3080000000e+00   1.9065148287e-04  -7.7460366061e-01
2.3100000000e+00   1.9027663750e-04  -7.7384180483e-01
2.3120000000e+00   1.8990289654e-04  -7.7308144622e-01
2.3140000000e+00   1.8953025566e-04  -7.7232258038e-01
2.3160000000e+00   1.8915871056e-04  -7.7156520290e-01
2.3180000000e+00   1.8878825693e-04  -7.7080930942e-01
2.3200000000e+00   1.8841889051e-04  -7.7005489558e-01
2.3220000000e+00   1.8805060704e-04  -7.6930195703e-01
2.3240000000e+00   1.8768340230e-04  -7.6855048946e-01
2.3260000000e+00   1.8731727208e-04  -7.6780048856e-01
2.3280000000e+00   1.8695221219e-04  -7.6705195003e-01
2.3300000000e+00   1.8658821846e-04  -7.6630486962e-01
2.3320000000e+00   1.8622528674e-04  -7.6555924305e-01
2.3340000000e+00   1.8586341291e-04  -7.6481506609e-01
2.3360000000e+00   1.8550259286e-04  -7.6407233452e-01
2.3380000000e+00   1.8514282251e-04  -7.6333104412e-01
2.3400000000e+00   1.8478409777e-04  -7.6259119072e-01
2.3420000000e+00   1.8442641461e-04  -7.6185277012e-01
2.3440000000e+00   1.8406976900e-04  -7.6111577819e-01
2.3460000000e+00   1.8371415693e-04  -7.6038021077e-01
2.3480000000e+00   1.8335957440e-04  -7.5964606373e-01
2.3500000000e+00   1.8300601745e-04  -7.5891333297e-01
2.3520000000e+00   1.8265348213e-04  -7.5818201440e-01
2.3540000000e+00   1.8230196450e-04  -7.5745210393e-01
2.3560000000e+00   1.8195146066e-04  -7.5672359750e-01
2.3580000000e+00   1.8160196670e-04  -7.5599649107e-01
2.3600000000e+00   1.8125347875e-04  -7.5527078059e-01
2.3620000000e+00   1.8090599295e-04  -7.5454646207e-01
2.3640000000e+00   1.8055950547e-04  -7.5382353149e-01
2.3660000000e+00   1.8021401248e-04  -7.5310198486e-01
2.3680000000e+00   1.7986951018e-04  -7.5238181823e-01
2.3700000000e+00   1.7952599479e-04  -7.5166302763e-01
2.3720000000e+00   1.7918346254e-04  -7.5094560912e-01
2.3740000000e+00   1.7884190968e-04  -7.5022955879e-01
2.3760000000e+00   1.7850133248e-04  -7.4951487271e-01
2.3780000000e+00   1.7816172723e-04  -7.4880154699e-01
2.3800000000e+00   1.7782309024e-04  -7.4808957776e-01
2.3820000000e+00   1.7748541783e-04  -7.4737896115e-01
2.3840000000e+00   1.7714870633e-04  -7.4666969330e-01
2.3860000000e+00   1.7681295211e-04  -7.4596177038e-01
2.3880000000e+00   1.7647815154e-04  -7.4525518857e-01
2.3900000000e+00   1.7614430101e-04  -7.4454994406e-01
2.3920000000e+00   1.7581139693e-04  -7.4384603306e-01
2.3940000000e+00   1.7547943573e-04  -7.4314345178e-01
2.3960000000e+00   1.7514841384e-04  -7.4244219647e-01
2.3980000000e+00   1.7481832774e-04  -7.4174226338e-01
2.4000000000e+00   1.7448917389e-04  -7.4104364876e-01
2.4020000000e+00   1.7416094878e-04  -7.4034634891e-01
2.4040000000e+00   1.7383364893e-04  -7.3965036010e-01
2.4060000000e+00   1.7350727087e-04  -7.3895567864e-01
2.4080000000e+00   1.7318181112e-04  -7.3826230086e-01
2.4100000000e+00   1.7285726626e-04  -7.3757022308e-01
2.4120000000e+00   1.7253363286e-04  -7.3687944166e-01
2.4140000000e+00   1.7221090750e-04  -7.3618995296e-01
2.4160000000e+00   1.7188908679e-04  -7.3550175335e-01
2.4180000000e+00   1.7156816736e-04  -7.3481483921e-01
2.4200000000e+00   1.7124814583e-04  -7.3412920696e-01
2.4220000000e+00   1.7092901888e-04  -7.3344485300e-01
2.4240000000e+00   1.7061078315e-04  -7.3276177377e-01
2.4260000000e+00   1.7029343535e-04  -7.3207996570e-01
2.4280000000e+00   1.6997697216e-04  -7.3139942526e-01
2.4300000000e+00   1.6966139031e-04  -7.3072014890e-01
2.4320000000e+00   1.6934668652e-04  -7.3004213311e-01
2.4340000000e+00   1.6903285754e-04  -7.2936537438e-01
2.4360000000e+00   1.6871990013e-04  -7.2868986923e-01
2.4380000000e+00   1.6840781106e-04  -7.2801561417e-01
2.4400000000e+00   1.6809658713e-04  -7.2734260573e-01
2.4420000000e+00   1.6778622515e-04  -7.2667084047e-01
2.4440000000e+00   1.6747672192e-04  -7.2600031493e-01
2.4460000000e+00   1.6716807429e-04  -7.2533102569e-01
2.4480000000e+00   1.6686027910e-04  -7.2466296934e-01
2.4500000000e+00   1.6655333322e-04  -7.2399614247e-01
2.4520000000e+00   1.6624723353e-04  -7.2333054169e-01
2.4540000000e+00   1.6594197692e-04  -7.2266616362e-01
2.4560000000e+00   1.6563756030e-04  -7.2200300489e-01
2.4580000000e+00   1.6533398058e-04  -7.2134106216e-01
2.4600000000e+00   1.6503123470e-04  -7.2068033208e-01
2.4620000000e+00   1.6472931962e-04  -7.2002081131e-01
2.4640000000e+00   1.6442823229e-04  -7.1936249655e-01
2.4660000000e+00   1.6412796968e-04  -7.1870538449e-01
2.4680000000e+00   1.6382852881e-04  -7.1804947184e-01
2.4700000000e+00   1.6352990665e-04  -7.1739475531e-01
2.4720000000e+00   1.6323210024e-04  -7.1674123163e-01
2.4740000000e+00   1.6293510661e-04  -7.1608889756e-01
2.4760000000e+00   1.6263892279e-04  -7.1543774984e-01
2.4780000000e+00   1.6234354586e-04  -7.1478778523e-01
2.4800000000e+00   1.6204897287e-04  -7.1413900053e-01
2.4820000000e+00   1.6175520092e-04  -7.1349139252e-01
2.4840000000e+00   1.6146222711e-04  -7.1284495799e-01
2.4860000000e+00   1.6117004854e-04  -7.1219969377e-01
2.4880000000e+00   1.6087866234e-04  -7.1155559668e-01
2.4900000000e+00   1.6058806564e-04  -7.1091266355e-01
2.4920000000e+00   1.6029825560e-04  -7.1027089124e-01
2.4940000000e+00   1.6000922939e-04  -7.0963027659e-01
2.4960000000e+00   1.5972098417e-04  -7.0899081649e-01
2.4980000000e+00   1.5943351713e-04  -7.0835250781e-01
2.5000000000e+00   1.5914682548e-04  -7.0771534745e-01
2.5020000000e+00   1.5886090643e-04  -7.0707933231e-01
2.5040000000e+00   1.5857575721e-04  -7.0644445930e-01
2.5060000000e+00   1.5829137506e-04  -7.0581072535e-01
2.5080000000e+00   1.5800775722e-04  -7.0517812741e-01
2.5100000000e+00   1.5772490096e-04  -7.0454666241e-01
2.5120000000e+00   1.5744280355e-04  -7.0391632731e-01
2.5140000000e+00   1.5716146229e-04  -7.0328711910e-01
2.5160000000e+00   1.5688087448e-04  -7.0265903474e-01
2.5180000000e+00   1.5660103741e-04  -7.0203207122e-01
2.5200000000e+00   1.5632194843e-04  -7.0140622556e-01
2.5220000000e+00   1.5604360487e-04  -7.0078149477e-01
2.5240000000e+00   1.5576600407e-04  -7.0015787586e-01
2.5260000000e+00   1.5548914339e-04  -6.9953536587e-01
2.5280000000e+00   1.5521302020e-04  -6.9891396185e-01
2.5300000000e+00   1.5493763190e-04  -6.9829366085e-01
2.5320000000e+00   1.5466297586e-04  -6.9767445994e-01
2.5340000000e+00   1.5438904950e-04  -6.9705635619e-01
2.5360000000e+00   1.5411585024e-04  -6.9643934670e-01
2.5380000000e+00   1.5384337550e-04  -6.9582342855e-01
2.5400000000e+00   1.5357162273e-04  -6.9520859885e-01
2.5420000000e+00   1.5330058937e-04  -6.9459485473e-01
2.5440000000e+00   1.5303027289e-04  -6.9398219330e-01
2.5460000000e+00   1.5276067077e-04  -6.9337061171e-01
2.5480000000e+00   1.5249178048e-04  -6.9276010710e-01
2.5500000000e+00   1.5222359953e-04  -6.9215067664e-01
2.5520000000e+00   1.5195612542e-04  -6.9154231748e-01
2.5540000000e+00   1.5168935567e-04  -6.9093502681e-01
2.5560000000e+00   1.5142328781e-04  -6.9032880182e-01
2.5580000000e+00   1.5115791938e-04  -6.8972363969e-01
2.5600000000e+00   1.5089324792e-04  -6.8911953765e-01
2.5620000000e+00   1.5062927101e-04  -6.8851649290e-01
2.5640000000e+00   1.5036598621e-04  -6.8791450267e-01
2.5660000000e+00   1.5010339110e-04  -6.8731356421e-01
2.5680000000e+00   1.4984148329e-04  -6.8671367474e-01
2.5700000000e+00   1.4958026036e-04  -6.8611483154e-01
2.5720000000e+00   1.4931971994e-04  -6.8551703186e-01
2.5740000000e+00   1.4905985966e-04  -6.8492027299e-01
2.5760000000e+00   1.4880067713e-04  -6.8432455220e-01
2.5780000000e+00   1.4854217002e-04  -6.8372986678e-01
2.5800000000e+00   1.4828433597e-04  -6.8313621405e-01
2.5820000000e+00   1.4802717266e-04  -6.8254359131e-01
2.5840000000e+00   1.4777067775e-04  -6.8195199589e-01
2.5860000000e+00   1.4751484893e-04  -6.8136142511e-01
2.5880000000e+00   1.4725968390e-04  -6.8077187632e-01
2.5900000000e+00   1.4700518037e-04  -6.8018334687e-01
2.5920000000e+00   1.4675133604e-04  -6.7959583411e-01
2.5940000000e+00   1.4649814865e-04  -6.7900933542e-01
2.5960000000e+00   1.4624561592e-04  -6.7842384816e-01
2.5980000000e+00   1.4599373561e-04  -6.7783936973e-01
2.6000000000e+00   1.4574250547e-04  -6.7725589752e-01
2.6020000000e+00   1.4549192326e-04  -6.7667342893e-01
2.6040000000e+00   1.4524198676e-04  -6.7609196138e-01
2.6060000000e+00   1.4499269375e-04  -6.7551149228e-01
2.6080000000e+00   1.4474404202e-04  -6.7493201908e-01
2.6100000000e+00   1.4449602938e-04  -6.7435353920e-01
2.6120000000e+00   1.4424865363e-04  -6.7377605010e-01
2.6140000000e+00   1.4400191260e-04  -6.7319954923e-01
2.6160000000e+00   1.4375580412e-04  -6.7262403406e-01
2.6180000000e+00   1.4351032603e-04  -6.7204950206e-01
2.6200000000e+00   1.4326547618e-04  -6.7147595072e-01
2.6220000000e+00   1.4302125242e-04  -6.7090337752e-01
2.6240000000e+00   1.4277765262e-04  -6.7033177997e-01
2.6260000000e+00   1.4253467467e-04  -6.6976115558e-01
2.6280000000e+00   1.4229231643e-04  -6.6919150185e-01
2.6300000000e+00   1.4205057582e-04  -6.6862281632e-01
2.6320000000e+00   1.4180945072e-04  -6.6805509653e-01
2.6340000000e+00   1.4156893906e-04  -6.6748834000e-01
2.6360000000e+00   1.4132903876e-04  -6.6692254430e-01
2.6380000000e+00   1.4108974774e-04  -6.6635770698e-01
2.6400000000e+00   1.4085106394e-04  -6.6579382561e-01
2.6420000000e+00   1.4061298531e-04  -6.6523089777e-01
2.6440000000e+00   1.4037550981e-04  -6.6466892103e-01
2.6460000000e+00   1.4013863540e-04  -6.6410789299e-01
2.6480000000e+00   1.3990236005e-04  -6.6354781124e-01
2.6500000000e+00   1.3966668174e-04  -6.6298867341e-01
2.6520000000e+00   1.3943159847e-04  -6.6243047710e-01
2.6540000000e+00   1.3919710824e-04  -6.6187321993e-01
2.6560000000e+00   1.3896320905e-04  -6.6131689954e-01
2.6580000000e+00   1.3872989891e-04  -6.6076151357e-01
2.6600000000e+00   1.3849717585e-04  -6.6020705966e-01
2.6620000000e+00   1.3826503790e-04  -6.5965353548e-01
2.6640000000e+00   1.3803348311e-04  -6.5910093868e-01
2.6660000000e+00   1.3780250951e-04  -6.5854926694e-01
2.6680000000e+00   1.3757211517e-04  -6.5799851793e-01
2.6700000000e+00   1.3734229816e-04  -6.5744868934e-01
2.6720000000e+00   1.3711305653e-04  -6.5689977887e-01
2.6740000000e+00   1.3688438839e-04  -6.5635178422e-01
2.6760000000e+00   1.3665629180e-04  -6.5580470310e-01
2.6780000000e+00   1.3642876488e-04  -6.5525853322e-01
2.6800000000e+00   1.3620180572e-04  -6.5471327232e-01
2.6820000000e+00   1.3597541244e-04  -6.5416891812e-01
2.6840000000e+00   1.3574958315e-04  -6.5362546836e-01
2.6860000000e+00   1.3552431600e-04  -6.5308292079e-01
2.6880000000e+00   1.3529960910e-04  -6.5254127318e-01
2.6900000000e+00   1.3507546061e-04  -6.5200052327e-01
2.6920000000e+00   1.3485186868e-04  -6.5146066884e-01
2.6940000000e+00   1.3462883146e-04  -6.5092170767e-01
2.6960000000e+00   1.3440634712e-04  -6.5038363755e-01
2.6980000000e+00   1.3418441384e-04  -6.4984645625e-01
2.7000000000e+00   1.3396302980e-04  -6.4931016159e-01
2.7020000000e+00   1.3374219319e-04  -6.4877475138e-01
2.7040000000e+00   1.3352190220e-04  -6.4824022341e-01
2.7060000000e+00   1.3330215504e-04  -6.4770657552e-01
2.7080000000e+00   1.3308294991e-04  -6.4717380554e-01
2.7100000000e+00   1.3286428505e-04  -6.4664191129e-01
2.7120000000e+00   1.3264615867e-04  -6.4611089063e-01
2.7140000000e+00   1.3242856901e-04  -6.4558074140e-01
2.7160000000e+00   1.3221151430e-04  -6.4505146146e-01
2.7180000000e+00   1.3199499280e-04  -6.4452304866e-01
2.7200000000e+00   1.3177900276e-04  -6.4399550089e-01
2.7220000000e+00   1.3156354245e-04  -6.4346881602e-01
2.7240000000e+00   1.3134861012e-04  -6.4294299194e-01
2.7260000000e+00   1.3113420407e-04  -6.4241802653e-01
2.7280000000e+00   1.3092032256e-04  -6.4189391769e-01
2.7300000000e+00   1.3070696390e-04  -6.4137066334e-01
2.7320000000e+00   1.3049412638e-04  -6.4084826137e-01
2.7340000000e+00   1.3028180830e-04  -6.4032670972e-01
2.7360000000e+00   1.3007000797e-04  -6.3980600630e-01
2.7380000000e+00   1.2985872372e-04  -6.3928614905e-01
2.7400000000e+00   1.2964795386e-04  -6.3876713591e-01
2.7420000000e+00   1.2943769674e-04  -6.3824896483e-01
2.7440000000e+00   1.2922795068e-04  -6.3773163374e-01
2.7460000000e+00   1.2901871403e-04  -6.3721514063e-01
2.7480000000e+00   1.2880998514e-04  -6.3669948344e-01
2.7500000000e+00   1.2860176238e-04  -6.3618466015e-01
2.7520000000e+00   1.2839404410e-04  -6.3567066875e-01
2.7540000000e+00   1.2818682868e-04  -6.3515750721e-01
2.7560000000e+00   1.2798011450e-04  -6.3464517354e-01
2.7580000000e+00   1.2777389994e-04  -6.3413366572e-01
2.7600000000e+00   1.2756818339e-04  -6.3362298176e-01
2.7620000000e+00   1.2736296325e-04  -6.3311311967e-01
2.7640000000e+00   1.2715823793e-04  -6.3260407747e-01
2.7660000000e+00   1.2695400583e-04  -6.3209585319e-01
2.7680000000e+00   1.2675026537e-04  -6.3158844485e-01
2.7700000000e+00   1.2654701498e-04  -6.3108185050e-01
2.7720000000e+00   1.2634425308e-04  -6.3057606816e-01
2.7740000000e+00   1.2614197811e-04  -6.3007109590e-01
2.7760000000e+00   1.2594018851e-04  -6.2956693177e-01
2.7780000000e+00   1.2573888274e-04  -6.2906357383e-01
2.7800000000e+00   1.2553805924e-04  -6.2856102015e-01
2.7820000000e+00   1.2533771648e-04  -6.2805926880e-01
2.7840000000e+00   1.2513785291e-04  -6.2755831786e-01
2.7860000000e+00   1.2493846703e-04  -6.2705816542e-01
2.7880000000e+00   1.2473955730e-04  -6.2655880956e-01
2.7900000000e+00   1.2454112221e-04  -6.2606024840e-01
2.7920000000e+00   1.2434316025e-04  -6.2556248004e-01
2.7940000000e+00   1.2414566991e-04  -6.2506550257e-01
2.7960000000e+00   1.2394864971e-04  -6.2456931413e-01
2.7980000000e+00   1.2375209815e-04  -6.2407391283e-01
2.8000000000e+00   1.2355601374e-04  -6.2357929680e-01
2.8020000000e+00   1.2336039501e-04  -6.2308546417e-01
2.8040000000e+00   1.2316524048e-04  -6.2259241310e-01
2.8060000000e+00   1.2297054868e-04  -6.2210014171e-01
2.8080000000e+00   1.2277631816e-04  -6.2160864817e-01
2.8100000000e+00   1.2258254746e-04  -6.2111793063e-01
2.8120000000e+00   1.2238923512e-04  -6.2062798725e-01
2.8140000000e+00   1.2219637970e-04  -6.2013881621e-01
2.8160000000e+00   1.2200397976e-04  -6.1965041568e-01
2.8180000000e+00   1.2181203388e-04  -6.1916278385e-01
2.8200000000e+00   1.2162054061e-04  -6.1867591889e-01
2.8220000000e+00   1.2142949855e-04  -6.1818981899e-01
2.8240000000e+00   1.2123890627e-04  -6.1770448237e-01
2.8260000000e+00   1.2104876237e-04  -6.1721990722e-01
2.8280000000e+00   1.2085906543e-04  -6.1673609175e-01
2.8300000000e+00   1.2066981406e-04  -6.1625303418e-01
2.8320000000e+00   1.2048100686e-04  -6.1577073272e-01
2.8340000000e+00   1.2029264245e-04  -6.1528918561e-01
2.8360000000e+00   1.2010471943e-04  -6.1480839107e-01
2.8380000000e+00   1.1991723644e-04  -6.1432834734e-01
2.8400000000e+00   1.1973019211e-04  -6.1384905266e-01
2.8420000000e+00   1.1954358505e-04  -6.1337050529e-01
2.8440000000e+00   1.1935741392e-04  -6.1289270347e-01
2.8460000000e+00   1.1917167735e-04  -6.1241564547e-01
2.8480000000e+00   1.1898637399e-04  -6.1193932955e-01
2.8500000000e+00   1.1880150250e-04  -6.1146375398e-01
2.8520000000e+00   1.1861706153e-04  -6.1098891703e-01
2.8540000000e+00   1.1843304976e-04  -6.1051481698e-01
2.8560000000e+00   1.1824946584e-04  -6.1004145213e-01
2.8580000000e+00   1.1806630846e-04  -6.0956882076e-01
2.8600000000e+00   1.1788357629e-04  -6.0909692117e-01
2.8620000000e+00   1.1770126802e-04  -6.0862575165e-01
2.8640000000e+00   1.1751938234e-04  -6.0815531053e-01
2.8660000000e+00   1.1733791794e-04  -6.0768559610e-01
2.8680000000e+00   1.1715687352e-04  -6.0721660670e-01
2.8700000000e+00   1.1697624779e-04  -6.0674834063e-01
2.8720000000e+00   1.1679603946e-04  -6.0628079623e-01
2.8740000000e+00   1.1661624724e-04  -6.0581397183e-01
2.8760000000e+00   1.1643686986e-04  -6.0534786577e-01
2.8780000000e+00   1.1625790603e-04  -6.0488247639e-01
2.8800000000e+00   1.1607935449e-04  -6.0441780204e-01
2.8820000000e+00   1.1590121398e-04  -6.0395384107e-01
2.8840000000e+00   1.1572348322e-04  -6.0349059185e-01
2.8860000000e+00   1.1554616097e-04  -6.0302805273e-01
2.8880000000e+00   1.1536924597e-04  -6.0256622208e-01
2.8900000000e+00   1.1519273698e-04  -6.0210509829e-01
2.8920000000e+00   1.1501663276e-04  -6.0164467971e-01
2.8940000000e+00   1.1484093207e-04  -6.0118496475e-01
2.8960000000e+00   1.1466563368e-04  -6.0072595179e-01
2.8980000000e+00   1.1449073636e-04  -6.0026763922e-01
2.9000000000e+00   1.1431623888e-04  -5.9981002543e-01
2.9020000000e+00   1.1414214004e-04  -5.9935310884e-01
2.9040000000e+00   1.1396843861e-04  -5.9889688785e-01
2.9060000000e+00   1.1379513340e-04  -5.9844136087e-01
2.9080000000e+00   1.1362222319e-04  -5.9798652632e-01
2.9100000000e+00   1.1344970678e-04  -5.9753238262e-01
2.9120000000e+00   1.1327758298e-04  -5.9707892821e-01
2.9140000000e+00   1.1310585060e-04  -5.9662616150e-01
2.9160000000e+00   1.1293450846e-04  -5.9617408095e-01
2.9180000000e+00   1.1276355537e-04  -5.9572268498e-01
2.9200000000e+00   1.1259299015e-04  -5.9527197205e-01
2.9220000000e+00   1.1242281164e-04  -5.9482194061e-01
2.9240000000e+00   1.1225301866e-04  -5.9437258911e-01
2.9260000000e+00   1.1208361005e-04  -5.9392391601e-01
2.9280000000e+00   1.1191458466e-04  -5.9347591978e-01
2.9300000000e+00   1.1174594132e-04  -5.9302859889e-01
2.9320000000e+00   1.1157767889e-04  -5.9258195181e-01
2.9340000000e+00   1.1140979621e-04  -5.9213597701e-01
2.9360000000e+00   1.1124229216e-04  -5.9169067300e-01
2.9380000000e+00   1.1107516558e-04  -5.9124603824e-01
2.9400000000e+00   1.1090841536e-04  -5.9080207123e-01
2.9420000000e+00   1.1074204035e-04  -5.9035877048e-01
2.9440000000e+00   1.1057603943e-04  -5.8991613447e-01
2.9460000000e+00   1.1041041149e-04  -5.8947416173e-01
2.9480000000e+00   1.1024515540e-04  -5.8903285075e-01
2.9500000000e+00   1.1008027005e-04  -5.8859220005e-01
2.9520000000e+00   1.0991575434e-04  -5.8815220815e-01
2.9540000000e+00   1.0975160716e-04  -5.8771287358e-01
2.9560000000e+00   1.0958782742e-04  -5.8727419487e-01
2.9580000000e+00   1.0942441401e-04  -5.8683617054e-01
2.9600000000e+00   1.0926136584e-04  -5.8639879913e-01
2.9620000000e+00   1.0909868182e-04  -5.8596207919e-01
2.9640000000e+00   1.0893636089e-04  -5.8552600925e-01
2.9660000000e+00   1.0877440194e-04  -5.8509058788e-01
2.9680000000e+00   1.0861280391e-04  -5.8465581362e-01
2.9700000000e+00   1.0845156573e-04  -5.8422168503e-01
2.9720000000e+00   1.0829068632e-04  -5.8378820067e-01
2.9740000000e+00   1.0813016463e-04  -5.8335535912e-01
2.9760000000e+00   1.0796999959e-04  -5.8292315894e-01
2.9780000000e+00   1.0781019015e-04  -5.8249159871e-01
2.9800000000e+00   1.0765073526e-04  -5.8206067700e-01
2.9820000000e+00   1.0749163387e-04  -5.8163039241e-01
2.9840000000e+00   1.0733288494e-04  -5.8120074352e-01
2.9860000000e+00   1.0717448741e-04  -5.8077172892e-01
2.9880000000e+00   1.0701644027e-04  -5.8034334721e-01
2.9900000000e+00   1.0685874247e-04  -5.7991559699e-01
2.9920000000e+00   1.0670139299e-04  -5.7948847687e-01
2.9940000000e+00   1.0654439080e-04  -5.7906198544e-01
2.9960000000e+00   1.0638773488e-04  -5.7863612134e-01
2.9980000000e+00   1.0623142421e-04  -5.7821088316e-01
3.0000000000e+00   1.0607545779e-04  -5.7778626954e-01
# sum response = 2.2848365480e+03
