0.0000000000e+00   1.7728079127e+01  4.1729203569e+00
2.0000000000e-03   1.7704736457e+01  3.5237258788e+00
4.0000000000e-03   1.7628034744e+01  2.8821584228e+00
6.0000000000e-03   1.7499629950e+01  2.2544477975e+00
8.0000000000e-03   1.7322105185e+01  1.6464069758e+00
1.0000000000e-02   1.7098854209e+01  1.0632705820e+00
1.2000000000e-02   1.6833934824e+01  5.0956871522e-01
1.4000000000e-02   1.6531903526e+01  -1.0958701247e-02
1.6000000000e-02   1.6197643235e+01  -4.9540563434e-01
1.8000000000e-02   1.5836195073e+01  -9.4170378976e-01
2.0000000000e-02   1.5452603400e+01  -1.3485914524e+00
2.2000000000e-02   1.5051780892e+01  -1.7155540557e+00
2.4000000000e-02   1.4638397888e+01  -2.0427441324e+00
2.6000000000e-02   1.4216797713e+01  -2.3308883456e+00
2.8000000000e-02   1.3790937624e+01  -2.5811886644e+00
3.0000000000e-02   1.3364353390e+01  -2.7952236570e+00
3.2000000000e-02   1.2940144468e+01  -2.9748545609e+00
3.4000000000e-02   1.2520976194e+01  -3.1221394298e+00
3.6000000000e-02   1.2109095224e+01  -3.2392574029e+00
3.8000000000e-02   1.1706354665e+01  -3.3284440700e+00
4.0000000000e-02   1.1314245682e+01  -3.3919380620e+00
4.2000000000e-02   1.0933932855e+01  -3.4319383746e+00
4.4000000000e-02   1.0566291088e+01  -3.4505715271e+00
4.6000000000e-02   1.0211942364e+01  -3.4498674194e+00
4.8000000000e-02   9.8712911182e+00  -3.4317426528e+00
5.0000000000e-02   9.5445573679e+00  -3.3979900802e+00
5.2000000000e-02   9.2318070914e+00  -3.3502734203e+00
5.4000000000e-02   8.9329795778e+00  -3.2901258771e+00
5.6000000000e-02   8.6479116711e+00  -3.2189518372e+00
5.8000000000e-02   8.3763589683e+00  -3.1380308496e+00
6.0000000000e-02   8.1180141252e+00  -3.0485232261e+00
6.2000000000e-02   7.8725224813e+00  -2.9514767200e+00
6.4000000000e-02   7.6394952528e+00  -2.8478338493e+00
6.6000000000e-02   7.4185205513e+00  -2.7384395263e+00
6.8000000000e-02   7.2091724909e+00  -2.6240487343e+00
7.0000000000e-02   7.0110186318e+00  -2.5053340599e+00
7.2000000000e-02   6.8236259953e+00  -2.3828929471e+00
7.4000000000e-02   6.6465658640e+00  -2.2572545783e+00
7.6000000000e-02   6.4794175574e+00  -2.1288863298e+00
7.8000000000e-02   6.3217713532e+00  -1.9981997702e+00
8.0000000000e-02   6.1732307001e+00  -1.8655561934e+00
8.2000000000e-02   6.0334138493e+00  -1.7312716930e+00
8.4000000000e-02   5.9019550111e+00  -1.5956217922e+00
8.6000000000e-02   5.7785051278e+00  -1.4588456535e+00
8.8000000000e-02   5.6627323385e+00  -1.3211498935e+00
9.0000000000e-02   5.5543221987e+00  -1.1827120309e+00
9.2000000000e-02   5.4529777080e+00  -1.0436835978e+00
9.4000000000e-02   5.3584191874e+00  -9.0419294157e-01
9.6000000000e-02   5.2703840438e+00  -7.6434774466e-01
9.8000000000e-02   5.1886264494e+00  -6.2423728925e-01
1.0000000000e-01   5.1129169610e+00  -4.8393448995e-01
1.0200000000e-01   5.0430420982e+00  -3.4349771782e-01
1.0400000000e-01   4.9788038973e+00  -2.0297243637e-01
1.0600000000e-01   4.9200194531e+00  -6.2392668859e-02
1.0800000000e-01   4.8665204596e+00  7.8217685416e-02
1.1000000000e-01   4.8181527582e+00  2.1884366976e-01
1.1200000000e-01   4.7747759002e+00  3.5947820868e-01
1.1400000000e-01   4.7362627286e+00  5.0012115298e-01
1.1600000000e-01   4.7024989840e+00  6.4077841897e-01
1.1800000000e-01   4.6733829378e+00  7.8146121037e-01
1.2000000000e-01   4.6488250557e+00  9.2218531248e-01
1.2200000000e-01   4.6287476920e+00  1.0629704492e+00
1.2400000000e-01   4.6130848183e+00  1.2038396940e+00
1.2600000000e-01   4.6017817861e+00  1.3448189262e+00
1.2800000000e-01   4.5947951242e+00  1.4859363260e+00
1.3000000000e-01   4.5920923730e+00  1.6272219000e+00
1.3200000000e-01   4.5936519526e+00  1.7687070307e+00
1.3400000000e-01   4.5994630695e+00  1.9104240442e+00
1.3600000000e-01   4.6095256567e+00  2.0524057888e+00
1.3800000000e-01   4.6238503519e+00  2.1946852190e+00
1.4000000000e-01   4.6424585095e+00  2.3372949788e+00
1.4200000000e-01   4.6653822486e+00  2.4802669782e+00
1.4400000000e-01   4.6926645353e+00  2.6236319566e+00
1.4600000000e-01   4.7243592986e+00  2.7674190271e+00
1.4800000000e-01   4.7605315793e+00  2.9116551947e+00
1.5000000000e-01   4.8012577100e+00  3.0563648429e+00
1.5200000000e-01   4.8466255254e+00  3.2015691795e+00
1.5400000000e-01   4.8967345995e+00  3.3472856358e+00
1.5600000000e-01   4.9516965095e+00  3.4935272107e+00
1.5800000000e-01   5.0116351200e+00  3.6403017504e+00
1.6000000000e-01   5.0766868856e+00  3.7876111553e+00
1.6200000000e-01   5.1470011669e+00  3.9354505040e+00
1.6400000000e-01   5.2227405512e+00  4.0838070841e+00
1.6600000000e-01   5.3040811732e+00  4.2326593174e+00
1.6800000000e-01   5.3912130236e+00  4.3819755704e+00
1.7000000000e-01   5.4843402349e+00  4.5317128349e+00
1.7200000000e-01   5.5836813303e+00  4.6818152677e+00
1.7400000000e-01   5.6894694181e+00  4.8322125758e+00
1.7600000000e-01   5.8019523104e+00  4.9828182348e+00
1.7800000000e-01   5.9213925430e+00  5.1335275276e+00
1.8000000000e-01   6.0480672656e+00  5.2842153918e+00
1.8200000000e-01   6.1822679693e+00  5.4347340683e+00
1.8400000000e-01   6.3243000102e+00  5.5849105415e+00
1.8600000000e-01   6.4744818844e+00  5.7345437713e+00
1.8800000000e-01   6.6331441996e+00  5.8834017191e+00
1.9000000000e-01   6.8006282858e+00  6.0312181778e+00
1.9200000000e-01   6.9772843759e+00  6.1776894277e+00
1.9400000000e-01   7.1634692866e+00  6.3224707516e+00
1.9600000000e-01   7.3595435189e+00  6.4651728585e+00
1.9800000000e-01   7.5658677002e+00  6.6053582846e+00
2.0000000000e-01   7.7827982855e+00  6.7425378652e+00
2.0200000000e-01   8.0106824437e+00  6.8761673965e+00
2.0400000000e-01   8.2498520652e+00  7.0056446386e+00
2.0600000000e-01   8.5006168461e+00  7.1303068438e+00
2.0800000000e-01   8.7632564382e+00  7.2494290304e+00
2.1000000000e-01   9.0380116957e+00  7.3622232533e+00
2.1200000000e-01   9.3250751112e+00  7.4678391532e+00
2.1400000000e-01   9.6245806104e+00  7.5653660814e+00
2.1600000000e-01   9.9365929694e+00  7.6538370996e+00
2.1800000000e-01   1.0261097228e+01  7.7322351262e+00
2.2000000000e-01   1.0597988594e+01  7.7995014400e+00
2.2200000000e-01   1.0947063445e+01  7.8545466490e+00
2.2400000000e-01   1.1308012164e+01  7.8962640710e+00
2.2600000000e-01   1.1680414581e+01  7.9235452617e+00
2.2800000000e-01   1.2063738857e+01  7.9352971558e+00
2.3000000000e-01   1.2457344520e+01  7.9304599795e+00
2.3200000000e-01   1.2860490240e+01  7.9080247683e+00
2.3400000000e-01   1.3272346552e+01  7.8670490201e+00
2.3600000000e-01   1.3692013337e+01  7.8066687955e+00
2.3800000000e-01   1.4118541239e+01  7.7261054865e+00
2.4000000000e-01   1.4550955559e+01  7.6246655960e+00
2.4200000000e-01   1.4988280477e+01  7.5017322349e+00
2.4400000000e-01   1.5429560841e+01  7.3567476872e+00
2.4600000000e-01   1.5873878395e+01  7.1891872900e+00
2.4800000000e-01   1.6320359180e+01  6.9985259628e+00
2.5000000000e-01   1.6768169153e+01  6.7841998885e+00
2.5200000000e-01   1.7216495790e+01  6.5455669449e+00
2.5400000000e-01   1.7664514503e+01  6.2818703587e+00
2.5600000000e-01   1.8111340158e+01  5.9922105653e+00
2.5800000000e-01   1.8555965534e+01  5.6755302953e+00
2.6000000000e-01   1.8997190156e+01  5.3306174558e+00
2.6200000000e-01   1.9433544398e+01  4.9561294233e+00
2.6400000000e-01   1.9863214861e+01  4.5506410093e+00
2.6600000000e-01   2.0283977842e+01  4.1127166818e+00
2.6800000000e-01   2.0693147965e+01  3.6410057433e+00
2.7000000000e-01   2.1087548908e+01  3.1343571853e+00
2.7200000000e-01   2.1463512441e+01  2.5919489608e+00
2.7400000000e-01   2.1816910758e+01  2.0134245496e+00
2.7600000000e-01   2.2143225317e+01  1.3990280752e+00
2.7800000000e-01   2.2437653063e+01  7.4972801263e-01
2.8000000000e-01   2.2695248122e+01  6.7318923282e-02
2.8200000000e-01   2.2911093910e+01  -6.4550914492e-01
2.8400000000e-01   2.3080497400e+01  -1.3851427476e+00
2.8600000000e-01   2.3199194320e+01  -2.1470654821e+00
2.8800000000e-01   2.3263551823e+01  -2.9259302805e+00
2.9000000000e-01   2.3270754000e+01  -3.7156828939e+00
2.9200000000e-01   2.3218955931e+01  -4.5097313274e+00
2.9400000000e-01   2.3107393832e+01  -5.3011515740e+00
2.9600000000e-01   2.2936442273e+01  -6.0829163580e+00
2.9800000000e-01   2.2707613947e+01  -6.8481312960e+00
3.0000000000e-01   2.2423502551e+01  -7.5902622737e+00
3.0200000000e-01   2.2087674293e+01  -8.3033390144e+00
3.0400000000e-01   2.1704517697e+01  -8.9821225781e+00
3.0600000000e-01   2.1279064215e+01  -9.6222284267e+00
3.0800000000e-01   2.0816793457e+01  -1.0220201116e+01
3.1000000000e-01   2.0323436562e+01  -1.0773541022e+01
3.1200000000e-01   1.9804789651e+01  -1.1280687206e+01
3.1400000000e-01   1.9266546756e+01  -1.1740963306e+01
3.1600000000e-01   1.8714158704e+01  -1.2154494901e+01
3.1800000000e-01   1.8152721365e+01  -1.2522107394e+01
3.2000000000e-01   1.7586894065e+01  -1.2845213018e+01
3.2200000000e-01   1.7020846753e+01  -1.3125694575e+01
3.2400000000e-01   1.6458233016e+01  -1.3365792080e+01
3.2600000000e-01   1.5902185108e+01  -1.3567996927e+01
3.2800000000e-01   1.5355326760e+01  -1.3734956681e+01
3.3000000000e-01   1.4819799594e+01  -1.3869392296e+01
3.3200000000e-01   1.4297299252e+01  -1.3974028450e+01
3.3400000000e-01   1.3789117834e+01  -1.4051536901e+01
3.3600000000e-01   1.3296189805e+01  -1.4104492194e+01
3.3800000000e-01   1.2819139049e+01  -1.4135338688e+01
3.4000000000e-01   1.2358325270e+01  -1.4146367692e+01
3.4200000000e-01   1.1913888362e+01  -1.4139703398e+01
3.4400000000e-01   1.1485789732e+01  -1.4117296322e+01
3.4600000000e-01   1.1073849849e+01  -1.4080922949e+01
3.4800000000e-01   1.0677781553e+01  -1.4032190368e+01
3.5000000000e-01   1.0297218868e+01  -1.3972544728e+01
3.5200000000e-01   9.9317412271e+00  -1.3903282418e+01
3.5400000000e-01   9.5808932432e+00  -1.3825562965e+01
3.5600000000e-01   9.2442002550e+00  -1.3740422762e+01
3.5800000000e-01   8.9211800533e+00  -1.3648788849e+01
3.6000000000e-01   8.6113512697e+00  -1.3551492124e+01
3.6200000000e-01   8.3142389803e+00  -1.3449279544e+01
3.6400000000e-01   8.0293780968e+00  -1.3342825006e+01
3.6600000000e-01   7.7563151009e+00  -1.3232738762e+01
3.6800000000e-01   7.4946086253e+00  -1.3119575362e+01
3.7000000000e-01   7.2438293106e+00  -1.3003840213e+01
3.7200000000e-01   7.0035592788e+00  -1.2885994893e+01
3.7400000000e-01   6.7733914749e+00  -1.2766461437e+01
3.7600000000e-01   6.5529290440e+00  -1.2645625778e+01
3.7800000000e-01   6.3417848387e+00  -1.2523840559e+01
3.8000000000e-01   6.1395810986e+00  -1.2401427472e+01
3.8200000000e-01   5.9459493015e+00  -1.2278679268e+01
3.8400000000e-01   5.7605301606e+00  -1.2155861567e+01
3.8600000000e-01   5.5829737307e+00  -1.2033214507e+01
3.8800000000e-01   5.4129395806e+00  -1.1910954327e+01
3.9000000000e-01   5.2500969914e+00  -1.1789274871e+01
3.9200000000e-01   5.0941251494e+00  -1.1668349061e+01
3.9400000000e-01   4.9447133061e+00  -1.1548330310e+01
3.9600000000e-01   4.8015608922e+00  -1.1429353889e+01
3.9800000000e-01   4.6643775768e+00  -1.1311538228e+01
4.0000000000e-01   4.5328832733e+00  -1.1194986142e+01
4.0200000000e-01   4.4068080991e+00  -1.1079785973e+01
4.0400000000e-01   4.2858923007e+00  -1.0966012651e+01
4.0600000000e-01   4.1698861594e+00  -1.0853728652e+01
4.0800000000e-01   4.0585498946e+00  -1.0742984885e+01
4.1000000000e-01   3.9516535798e+00  -1.0633821492e+01
4.1200000000e-01   3.8489770860e+00  -1.0526268593e+01
4.1400000000e-01   3.7503100608e+00  -1.0420346988e+01
4.1600000000e-01   3.6554519469e+00  -1.0316068839e+01
4.1800000000e-01   3.5642120367e+00  -1.0213438356e+01
4.2000000000e-01   3.4764095497e+00  -1.0112452508e+01
4.2200000000e-01   3.3918737164e+00  -1.0013101780e+01
4.2400000000e-01   3.3104438418e+00  -9.9153709788e+00
4.2600000000e-01   3.2319693216e+00  -9.8192400984e+00
4.2800000000e-01   3.1563095842e+00  -9.7246852284e+00
4.3000000000e-01   3.0833339334e+00  -9.6316794923e+00
4.3200000000e-01   3.0129212750e+00  -9.5401939882e+00
4.3400000000e-01   2.9449597221e+00  -9.4501986993e+00
4.3600000000e-01   2.8793460795e+00  -9.3616633447e+00
4.3800000000e-01   2.8159852252e+00  -9.2745581392e+00
4.4000000000e-01   2.7547894080e+00  -9.1888544395e+00
4.4200000000e-01   2.6956774916e+00  -9.1045252635e+00
4.4400000000e-01   2.6385741745e+00  -9.0215456762e+00
4.4600000000e-01   2.5834092141e+00  -8.9398930480e+00
4.4800000000e-01   2.5301166795e+00  -8.8595471959e+00
4.5000000000e-01   2.4786342517e+00  -8.7804904256e+00
4.5200000000e-01   2.4289025813e+00  -8.7027074948e+00
4.5400000000e-01   2.3808647094e+00  -8.6261855149e+00
4.5600000000e-01   2.3344655485e+00  -8.5509138118e+00
4.5800000000e-01   2.2896514199e+00  -8.4768837577e+00
4.6000000000e-01   2.2463696364e+00  -8.4040885849e+00
4.6200000000e-01   2.2045681214e+00  -8.3325231862e+00
4.6400000000e-01   2.1641950556e+00  -8.2621839018e+00
4.6600000000e-01   2.1251985420e+00  -8.1930682907e+00
4.6800000000e-01   2.0875262850e+00  -8.1251748778e+00
4.7000000000e-01   2.0511252829e+00  -8.0585028696e+00
4.7200000000e-01   2.0159415348e+00  -7.9930518264e+00
4.7400000000e-01   1.9819197725e+00  -7.9288212822e+00
4.7600000000e-01   1.9490032280e+00  -7.8658103031e+00
4.7800000000e-01   1.9171334556e+00  -7.8040169792e+00
4.8000000000e-01   1.8862502301e+00  -7.7434378498e+00
4.8200000000e-01   1.8562915461e+00  -7.6840672683e+00
4.8400000000e-01   1.8271937444e+00  -7.6258967214e+00
4.8600000000e-01   1.7988917911e+00  -7.5689141287e+00
4.8800000000e-01   1.7713197283e+00  -7.5131031556e+00
4.9000000000e-01   1.7444113080e+00  -7.4584425850e+00
4.9200000000e-01   1.7181008092e+00  -7.4049057984e+00
4.9400000000e-01   1.6923240193e+00  -7.3524604230e+00
4.9600000000e-01   1.6670193460e+00  -7.3010681955e+00
4.9800000000e-01   1.6421290050e+00  -7.2506850897e+00
5.0000000000e-01   1.6176002136e+00  -7.2012617352e+00
5.0200000000e-01   1.5933863086e+00  -7.1527441370e+00
5.0400000000e-01   1.5694477052e+00  -7.1050746746e+00
5.0600000000e-01   1.5457526169e+00  -7.0581933388e+00
5.0800000000e-01   1.5222774738e+00  -7.0120391338e+00
5.1000000000e-01   1.4990070009e+00  -6.9665515576e+00
5.1200000000e-01   1.4759339457e+00  -6.9216720642e+00
5.1400000000e-01   1.4530584757e+00  -6.8773454123e+00
5.1600000000e-01   1.4303872959e+00  -6.8335208182e+00
5.1800000000e-01   1.4079325536e+00  -6.7901528515e+00
5.2000000000e-01   1.3857106155e+00  -6.7472020369e+00
5.2200000000e-01   1.3637407991e+00  -6.7046351551e+00
5.2400000000e-01   1.3420441389e+00  -6.6624252566e+00
5.2600000000e-01   1.3206422520e+00  -6.6205514266e+00
5.2800000000e-01   1.2995563501e+00  -6.5789983477e+00
5.3000000000e-01   1.2788064294e+00  -6.5377557181e+00
5.3200000000e-01   1.2584106471e+00  -6.4968175783e+00
5.3400000000e-01   1.2383848838e+00  -6.4561815981e+00
5.3600000000e-01   1.2187424751e+00  -6.4158483661e+00
5.3800000000e-01   1.1994940916e+00  -6.3758207149e+00
5.4000000000e-01   1.1806477402e+00  -6.3361031050e+00
5.4200000000e-01   1.1622088608e+00  -6.2967010820e+00
5.4400000000e-01   1.1441804915e+00  -6.2576208132e+00
5.4600000000e-01   1.1265634810e+00  -6.2188687059e+00
5.4800000000e-01   1.1093567274e+00  -6.1804511011e+00
5.5000000000e-01   1.0925574276e+00  -6.1423740386e+00
5.5200000000e-01   1.0761613269e+00  -6.1046430837e+00
5.5400000000e-01   1.0601629582e+00  -6.0672632075e+00
5.5600000000e-01   1.0445558657e+00  -6.0302387111e+00
5.5800000000e-01   1.0293328093e+00  -5.9935731861e+00
5.6000000000e-01   1.0144859478e+00  -5.9572695040e+00
5.6200000000e-01   1.0000070009e+00  -5.9213298269e+00
5.6400000000e-01   9.8588738900e-01  -5.8857556352e+00
5.6600000000e-01   9.7211835411e-01  -5.8505477667e+00
5.6800000000e-01   9.5869106104e-01  -5.8157064640e+00
5.7000000000e-01   9.4559668247e-01  -5.7812314265e+00
5.7200000000e-01   9.3282646854e-01  -5.7471218656e+00
5.7400000000e-01   9.2037180320e-01  -5.7133765605e+00
5.7600000000e-01   9.0822424883e-01  -5.6799939142e+00
5.7800000000e-01   8.9637558065e-01  -5.6469720077e+00
5.8000000000e-01   8.8481781230e-01  -5.6143086530e+00
5.8200000000e-01   8.7354321371e-01  -5.5820014436e+00
5.8400000000e-01   8.6254432229e-01  -5.5500478029e+00
5.8600000000e-01   8.5181394830e-01  -5.5184450301e+00
5.8800000000e-01   8.4134517492e-01  -5.4871903439e+00
5.9000000000e-01   8.3113135365e-01  -5.4562809236e+00
5.9200000000e-01   8.2116609533e-01  -5.4257139480e+00
5.9400000000e-01   8.1144325700e-01  -5.3954866327e+00
5.9600000000e-01   8.0195692466e-01  -5.3655962643e+00
5.9800000000e-01   7.9270139199e-01  -5.3360402333e+00
6.0000000000e-01   7.8367113483e-01  -5.3068160641e+00
6.0200000000e-01   7.7486078129e-01  -5.2779214424e+00
6.0400000000e-01   7.6626507724e-01  -5.2493542402e+00
6.0600000000e-01   7.5787884693e-01  -5.2211125365e+00
6.0800000000e-01   7.4969694854e-01  -5.1931946339e+00
6.1000000000e-01   7.4171422450e-01  -5.1655990705e+00
6.1200000000e-01   7.3392544652e-01  -5.1383246239e+00
6.1400000000e-01   7.2632525574e-01  -5.1113703084e+00
6.1600000000e-01   7.1890809827e-01  -5.0847353617e+00
6.1800000000e-01   7.1166815740e-01  -5.0584192201e+00
6.2000000000e-01   7.0459928378e-01  -5.0324214801e+00
6.2200000000e-01   6.9769492602e-01  -5.0067418438e+00
6.2400000000e-01   6.9094806447e-01  -4.9813800473e+00
6.2600000000e-01   6.8435115230e-01  -4.9563357699e+00
6.2800000000e-01   6.7789606861e-01  -4.9316085234e+00
6.3000000000e-01   6.7157408894e-01  -4.9071975222e+00
6.3200000000e-01   6.6537587969e-01  -4.8831015368e+00
6.3400000000e-01   6.5929152258e-01  -4.8593187326e+00
6.3600000000e-01   6.5331057533e-01  -4.8358465021e+00
6.3800000000e-01   6.4742217364e-01  -4.8126812972e+00
6.4000000000e-01   6.4161517746e-01  -4.7898184735e+00
6.4200000000e-01   6.3587836176e-01  -4.7672521572e+00
6.4400000000e-01   6.3020064853e-01  -4.7449751494e+00
6.4600000000e-01   6.2457137208e-01  -4.7229788802e+00
6.4800000000e-01   6.1898056556e-01  -4.7012534237e+00
6.5000000000e-01   6.1341925246e-01  -4.6797875818e+00
6.5200000000e-01   6.0787972418e-01  -4.6585690401e+00
6.5400000000e-01   6.0235578323e-01  -4.6375845921e+00
6.5600000000e-01   5.9684293295e-01  -4.6168204230e+00
6.5800000000e-01   5.9133849794e-01  -4.5962624358e+00
6.6000000000e-01   5.8584166458e-01  -4.5758966015e+00
6.6200000000e-01   5.8035343798e-01  -4.5557093094e+00
6.6400000000e-01   5.7487651904e-01  -4.5356876941e+00
6.6600000000e-01   5.6941511197e-01  -4.5158199204e+00
6.6800000000e-01   5.6397467819e-01  -4.4960954095e+00
6.7000000000e-01   5.5856165561e-01  -4.4765049966e+00
6.7200000000e-01   5.5318316372e-01  -4.4570410176e+00
6.7400000000e-01   5.4784671331e-01  -4.4376973270e+00
6.7600000000e-01   5.4255993709e-01  -4.4184692553e+00
6.7800000000e-01   5.3733035331e-01  -4.3993535166e+00
6.8000000000e-01   5.3216517012e-01  -4.3803480805e+00
6.8200000000e-01   5.2707113404e-01  -4.3614520203e+00
6.8400000000e-01   5.2205442225e-01  -4.3426653506e+00
6.8600000000e-01   5.1712057547e-01  -4.3239888649e+00
6.8800000000e-01   5.1227446643e-01  -4.3054239809e+00
6.9000000000e-01   5.0752029756e-01  -4.2869726004e+00
6.9200000000e-01   5.0286162144e-01  -4.2686369865e+00
6.9400000000e-01   4.9830137759e-01  -4.2504196616e+00
6.9600000000e-01   4.9384193981e-01  -4.2323233245e+00
6.9800000000e-01   4.8948516901e-01  -4.2143507882e+00
7.0000000000e-01   4.8523246741e-01  -4.1965049346e+00
7.0200000000e-01   4.8108483065e-01  -4.1787886867e+00
7.0400000000e-01   4.7704289526e-01  -4.1612049932e+00
7.0600000000e-01   4.7310697956e-01  -4.1437568259e+00
7.0800000000e-01   4.6927711646e-01  -4.1264471862e+00
7.1000000000e-01   4.6555307716e-01  -4.1092791181e+00
7.1200000000e-01   4.6193438506e-01  -4.0922557274e+00
7.1400000000e-01   4.5842031925e-01  -4.0753802029e+00
7.1600000000e-01   4.5500990740e-01  -4.0586558395e+00
7.1800000000e-01   4.5170190769e-01  -4.0420860598e+00
7.2000000000e-01   4.4849477992e-01  -4.0256744326e+00
7.2200000000e-01   4.4538664577e-01  -4.0094246868e+00
7.2400000000e-01   4.4237523875e-01  -3.9933407170e+00
7.2600000000e-01   4.3945784455e-01  -3.9774265790e+00
7.2800000000e-01   4.3663123283e-01  -3.9616864725e+00
7.3000000000e-01   4.3389158262e-01  -3.9461247074e+00
7.3200000000e-01   4.3123440350e-01  -3.9307456521e+00
7.3400000000e-01   4.2865445641e-01  -3.9155536589e+00
7.3600000000e-01   4.2614567853e-01  -3.9005529659e+00
7.3800000000e-01   4.2370111801e-01  -3.8857475723e+00
7.4000000000e-01   4.2131288546e-01  -3.8711410878e+00
7.4200000000e-01   4.1897213011e-01  -3.8567365558e+00
7.4400000000e-01   4.1666904927e-01  -3.8425362540e+00
7.4600000000e-01   4.1439293966e-01  -3.8285414787e+00
7.4800000000e-01   4.1213229887e-01  -3.8147523212e+00
7.5000000000e-01   4.0987498288e-01  -3.8011674484e+00
7.5200000000e-01   4.0760842331e-01  -3.7877839020e+00
7.5400000000e-01   4.0531990336e-01  -3.7745969339e+00
7.5600000000e-01   4.0299688649e-01  -3.7615998964e+00
7.5800000000e-01   4.0062738580e-01  -3.7487842019e+00
7.6000000000e-01   3.9820035633e-01  -3.7361393688e+00
7.6200000000e-01   3.9570608733e-01  -3.7236531617e+00
7.6400000000e-01   3.9313656813e-01  -3.7113118272e+00
7.6600000000e-01   3.9048580052e-01  -3.6991004188e+00
7.6800000000e-01   3.8775003274e-01  -3.6870031972e+00
7.7000000000e-01   3.8492789525e-01  -3.6750040807e+00
7.7200000000e-01   3.8202042665e-01  -3.6630871189e+00
7.7400000000e-01   3.7903098721e-01  -3.6512369587e+00
7.7600000000e-01   3.7596506758e-01  -3.6394392704e+00
7.7800000000e-01   3.7283000874e-01  -3.6276811105e+00
7.8000000000e-01   3.6963465624e-01  -3.6159512006e+00
7.8200000000e-01   3.6638897490e-01  -3.6042401121e+00
7.8400000000e-01   3.6310365136e-01  -3.5925403538e+00
7.8600000000e-01   3.5978970910e-01  -3.5808463703e+00
7.8800000000e-01   3.5645815648e-01  -3.5691544599e+00
7.9000000000e-01   3.5311968274e-01  -3.5574626314e+00
7.9200000000e-01   3.4978441066e-01  -3.5457704145e+00
7.9400000000e-01   3.4646170924e-01  -3.5340786438e+00
7.9600000000e-01   3.4316006503e-01  -3.5223892304e+00
7.9800000000e-01   3.3988700700e-01  -3.5107049362e+00
8.0000000000e-01   3.3664907779e-01  -3.4990291601e+00
8.0200000000e-01   3.3345184304e-01  -3.4873657435e+00
8.0400000000e-01   3.3029993001e-01  -3.4757187997e+00
8.0600000000e-01   3.2719708751e-01  -3.4640925686e+00
8.0800000000e-01   3.2414625985e-01  -3.4524912983e+00
8.1000000000e-01   3.2114966860e-01  -3.4409191493e+00
8.1200000000e-01   3.1820889739e-01  -3.4293801232e+00
8.1400000000e-01   3.1532497594e-01  -3.4178780090e+00
8.1600000000e-01   3.1249846052e-01  -3.4064163477e+00
8.1800000000e-01   3.0972950921e-01  -3.3949984098e+00
8.2000000000e-01   3.0701795062e-01  -3.3836271851e+00
8.2200000000e-01   3.0436334571e-01  -3.3723053805e+00
8.2400000000e-01   3.0176504254e-01  -3.3610354251e+00
8.2600000000e-01   2.9922222407e-01  -3.3498194803e+00
8.2800000000e-01   2.9673394947e-01  -3.3386594537e+00
8.3000000000e-01   2.9429918946e-01  -3.3275570148e+00
8.3200000000e-01   2.9191685612e-01  -3.3165136128e+00
8.3400000000e-01   2.8958582797e-01  -3.3055304950e+00
8.3600000000e-01   2.8730497062e-01  -3.2946087254e+00
8.3800000000e-01   2.8507315387e-01  -3.2837492029e+00
8.4000000000e-01   2.8288926547e-01  -3.2729526790e+00
8.4200000000e-01   2.8075222216e-01  -3.2622197759e+00
8.4400000000e-01   2.7866097834e-01  -3.2515510022e+00
8.4600000000e-01   2.7661453276e-01  -3.2409467689e+00
8.4800000000e-01   2.7461193342e-01  -3.2304074048e+00
8.5000000000e-01   2.7265228109e-01  -3.2199331699e+00
8.5200000000e-01   2.7073473149e-01  -3.2095242699e+00
8.5400000000e-01   2.6885849640e-01  -3.1991808681e+00
8.5600000000e-01   2.6702284374e-01  -3.1889030986e+00
8.5800000000e-01   2.6522709678e-01  -3.1786910774e+00
8.6000000000e-01   2.6347063245e-01  -3.1685449143e+00
8.6200000000e-01   2.6175287879e-01  -3.1584647240e+00
8.6400000000e-01   2.6007331151e-01  -3.1484506367e+00
8.6600000000e-01   2.5843144965e-01  -3.1385028090e+00
8.6800000000e-01   2.5682685017e-01  -3.1286214342e+00
8.7000000000e-01   2.5525910144e-01  -3.1188067525e+00
8.7200000000e-01   2.5372781542e-01  -3.1090590616e+00
8.7400000000e-01   2.5223261841e-01  -3.0993787258e+00
8.7600000000e-01   2.5077314018e-01  -3.0897661859e+00
8.7800000000e-01   2.4934900128e-01  -3.0802219679e+00
8.8000000000e-01   2.4795979819e-01  -3.0707466912e+00
8.8200000000e-01   2.4660508639e-01  -3.0613410755e+00
8.8400000000e-01   2.4528436080e-01  -3.0520059458e+00
8.8600000000e-01   2.4399703378e-01  -3.0427422364e+00
8.8800000000e-01   2.4274241039e-01  -3.0335509908e+00
8.9000000000e-01   2.4151966107e-01  -3.0244333590e+00
8.9200000000e-01   2.4032779192e-01  -3.0153905902e+00
8.9400000000e-01   2.3916561295e-01  -3.0064240198e+00
8.9600000000e-01   2.3803170510e-01  -2.9975350502e+00
8.9800000000e-01   2.3692438693e-01  -2.9887251239e+00
9.0000000000e-01   2.3584168247e-01  -2.9799956883e+00
9.0200000000e-01   2.3478129208e-01  -2.9713481510e+00
9.0400000000e-01   2.3374056865e-01  -2.9627838249e+00
9.0600000000e-01   2.3271650187e-01  -2.9543038641e+00
9.0800000000e-01   2.3170571361e-01  -2.9459091900e+00
9.1000000000e-01   2.3070446783e-01  -2.9376004107e+00
9.1200000000e-01   2.2970869805e-01  -2.9293777349e+00
9.1400000000e-01   2.2871405521e-01  -2.9212408856e+00
9.1600000000e-01   2.2771597783e-01  -2.9131890175e+00
9.1800000000e-01   2.2670978503e-01  -2.9052206453e+00
9.2000000000e-01   2.2569079113e-01  -2.8973335882e+00
9.2200000000e-01   2.2465443860e-01  -2.8895249393e+00
9.2400000000e-01   2.2359644360e-01  -2.8817910635e+00
9.2600000000e-01   2.2251294654e-01  -2.8741276307e+00
9.2800000000e-01   2.2140065800e-01  -2.8665296855e+00
9.3000000000e-01   2.2025698987e-01  -2.8589917525e+00
9.3200000000e-01   2.1908016156e-01  -2.8515079735e+00
9.3400000000e-01   2.1786927266e-01  -2.8440722692e+00
9.3600000000e-01   2.1662433568e-01  -2.8366785162e+00
9.3800000000e-01   2.1534626614e-01  -2.8293207263e+00
9.4000000000e-01   2.1403683081e-01  -2.8219932180e+00
9.4200000000e-01   2.1269855855e-01  -2.8146907684e+00
9.4400000000e-01   2.1133462118e-01  -2.8074087366e+00
9.4600000000e-01   2.0994869391e-01  -2.8001431532e+00
9.4800000000e-01   2.0854480557e-01  -2.7928907735e+00
9.5000000000e-01   2.0712718883e-01  -2.7856490940e+00
9.5200000000e-01   2.0570013890e-01  -2.7784163372e+00
9.5400000000e-01   2.0426788783e-01  -2.7711914085e+00
9.5600000000e-01   2.0283449878e-01  -2.7639738327e+00
9.5800000000e-01   2.0140378277e-01  -2.7567636761e+00
9.6000000000e-01   1.9997923816e-01  -2.7495614621e+00
9.6200000000e-01   1.9856401163e-01  -2.7423680834e+00
9.6400000000e-01   1.9716087847e-01  -2.7351847185e+00
9.6600000000e-01   1.9577223896e-01  -2.7280127536e+00
9.6800000000e-01   1.9440012773e-01  -2.7208537123e+00
9.7000000000e-01   1.9304623280e-01  -2.7137091957e+00
9.7200000000e-01   1.9171192138e-01  -2.7065808319e+00
9.7400000000e-01   1.9039826988e-01  -2.6994702352e+00
9.7600000000e-01   1.8910609599e-01  -2.6923789744e+00
9.7800000000e-01   1.8783599115e-01  -2.6853085491e+00
9.8000000000e-01   1.8658835222e-01  -2.6782603728e+00
9.8200000000e-01   1.8536341147e-01  -2.6712357625e+00
9.8400000000e-01   1.8416126428e-01  -2.6642359324e+00
9.8600000000e-01   1.8298189431e-01  -2.6572619923e+00
9.8800000000e-01   1.8182519598e-01  -2.6503149482e+00
9.9000000000e-01   1.8069099419e-01  -2.6433957063e+00
9.9200000000e-01   1.7957906159e-01  -2.6365050773e+00
9.9400000000e-01   1.7848913330e-01  -2.6296437835e+00
9.9600000000e-01   1.7742091952e-01  -2.6228124657e+00
9.9800000000e-01   1.7637411604e-01  -2.6160116907e+00
1.0000000000e+00   1.7534841308e-01  -2.6092419591e+00
1.0020000000e+00   1.7434350242e-01  -2.6025037140e+00
1.0040000000e+00   1.7335908322e-01  -2.5957973484e+00
1.0060000000e+00   1.7239486657e-01  -2.5891232133e+00
1.0080000000e+00   1.7145057895e-01  -2.5824816255e+00
1.0100000000e+00   1.7052596470e-01  -2.5758728753e+00
1.0120000000e+00   1.6962078765e-01  -2.5692972341e+00
1.0140000000e+00   1.6873483190e-01  -2.5627549611e+00
1.0160000000e+00   1.6786790184e-01  -2.5562463113e+00
1.0180000000e+00   1.6701982142e-01  -2.5497715419e+00
1.0200000000e+00   1.6619043269e-01  -2.5433309194e+00
1.0220000000e+00   1.6537959352e-01  -2.5369247265e+00
1.0240000000e+00   1.6458717453e-01  -2.5305532688e+00
1.0260000000e+00   1.6381305513e-01  -2.5242168813e+00
1.0280000000e+00   1.6305711859e-01  -2.5179159349e+00
1.0300000000e+00   1.6231924599e-01  -2.5116508425e+00
1.0320000000e+00   1.6159930905e-01  -2.5054220649e+00
1.0340000000e+00   1.6089716161e-01  -2.4992301162e+00
1.0360000000e+00   1.6021262965e-01  -2.4930755685e+00
1.0380000000e+00   1.5954549985e-01  -2.4869590556e+00
1.0400000000e+00   1.5889550641e-01  -2.4808812757e+00
1.0420000000e+00   1.5826231627e-01  -2.4748429919e+00
1.0440000000e+00   1.5764551260e-01  -2.4688450315e+00
1.0460000000e+00   1.5704457677e-01  -2.4628882818e+00
1.0480000000e+00   1.5645886900e-01  -2.4569736832e+00
1.0500000000e+00   1.5588760800e-01  -2.4511022181e+00
1.0520000000e+00   1.5532985039e-01  -2.4452748953e+00
1.0540000000e+00   1.5478447049e-01  -2.4394927293e+00
1.0560000000e+00   1.5425014179e-01  -2.4337567137e+00
1.0580000000e+00   1.5372532141e-01  -2.4280677887e+00
1.0600000000e+00   1.5320823912e-01  -2.4224268020e+00
1.0620000000e+00   1.5269689299e-01  -2.4168344643e+00
1.0640000000e+00   1.5218905354e-01  -2.4112912997e+00
1.0660000000e+00   1.5168227851e-01  -2.4057975927e+00
1.0680000000e+00   1.5117394001e-01  -2.4003533343e+00
1.0700000000e+00   1.5066126530e-01  -2.3949581698e+00
1.0720000000e+00   1.5014139191e-01  -2.3896113522e+00
1.0740000000e+00   1.4961143642e-01  -2.3843117057e+00
1.0760000000e+00   1.4906857523e-01  -2.3790576022e+00
1.0780000000e+00   1.4851013407e-01  -2.3738469570e+00
1.0800000000e+00   1.4793368162e-01  -2.3686772444e+00
1.0820000000e+00   1.4733712165e-01  -2.3635455361e+00
1.0840000000e+00   1.4671877724e-01  -2.3584485631e+00
1.0860000000e+00   1.4607746070e-01  -2.3533827967e+00
1.0880000000e+00   1.4541252359e-01  -2.3483445470e+00
1.0900000000e+00   1.4472388254e-01  -2.3433300718e+00
1.0920000000e+00   1.4401201865e-01  -2.3383356887e+00
1.0940000000e+00   1.4327795045e-01  -2.3333578835e+00
1.0960000000e+00   1.4252318284e-01  -2.3283934081e+00
1.0980000000e+00   1.4174963626e-01  -2.3234393613e+00
1.1000000000e+00   1.4095956174e-01  -2.3184932495e+00
1.1020000000e+00   1.4015544833e-01  -2.3135530242e+00
1.1040000000e+00   1.3933992916e-01  -2.3086170973e+00
1.1060000000e+00   1.3851569189e-01  -2.3036843352e+00
1.1080000000e+00   1.3768539789e-01  -2.2987540355e+00
1.1100000000e+00   1.3685161360e-01  -2.2938258892e+00
1.1120000000e+00   1.3601675555e-01  -2.2888999342e+00
1.1140000000e+00   1.3518304963e-01  -2.2839765027e+00
1.1160000000e+00   1.3435250403e-01  -2.2790561670e+00
1.1180000000e+00   1.3352689450e-01  -2.2741396861e+00
1.1200000000e+00   1.3270776006e-01  -2.2692279567e+00
1.1220000000e+00   1.3189640720e-01  -2.2643219676e+00
1.1240000000e+00   1.3109392060e-01  -2.2594227614e+00
1.1260000000e+00   1.3030117832e-01  -2.2545314012e+00
1.1280000000e+00   1.2951886997e-01  -2.2496489442e+00
1.1300000000e+00   1.2874751638e-01  -2.2447764201e+00
1.1320000000e+00   1.2798748978e-01  -2.2399148159e+00
1.1340000000e+00   1.2723903350e-01  -2.2350650635e+00
1.1360000000e+00   1.2650228080e-01  -2.2302280328e+00
1.1380000000e+00   1.2577727232e-01  -2.2254045266e+00
1.1400000000e+00   1.2506397193e-01  -2.2205952789e+00
1.1420000000e+00   1.2436228096e-01  -2.2158009548e+00
1.1440000000e+00   1.2367205069e-01  -2.2110221516e+00
1.1460000000e+00   1.2299309330e-01  -2.2062594018e+00
1.1480000000e+00   1.2232519120e-01  -2.2015131761e+00
1.1500000000e+00   1.2166810508e-01  -2.1967838872e+00
1.1520000000e+00   1.2102158061e-01  -2.1920718940e+00
1.1540000000e+00   1.2038535406e-01  -2.1873775056e+00
1.1560000000e+00   1.1975915697e-01  -2.1827009855e+00
1.1580000000e+00   1.1914271994e-01  -2.1780425558e+00
1.1600000000e+00   1.1853577570e-01  -2.1734024010e+00
1.1620000000e+00   1.1793806157e-01  -2.1687806720e+00
1.1640000000e+00   1.1734932137e-01  -2.1641774892e+00
1.1660000000e+00   1.1676930695e-01  -2.1595929461e+00
1.1680000000e+00   1.1619777929e-01  -2.1550271123e+00
1.1700000000e+00   1.1563450936e-01  -2.1504800363e+00
1.1720000000e+00   1.1507927863e-01  -2.1459517482e+00
1.1740000000e+00   1.1453187951e-01  -2.1414422621e+00
1.1760000000e+00   1.1399211551e-01  -2.1369515780e+00
1.1780000000e+00   1.1345980136e-01  -2.1324796844e+00
1.1800000000e+00   1.1293476289e-01  -2.1280265600e+00
1.1820000000e+00   1.1241683696e-01  -2.1235921750e+00
1.1840000000e+00   1.1190587125e-01  -2.1191764937e+00
1.1860000000e+00   1.1140172393e-01  -2.1147794751e+00
1.1880000000e+00   1.1090426337e-01  -2.1104010749e+00
1.1900000000e+00   1.1041336775e-01  -2.1060412466e+00
1.1920000000e+00   1.0992892460e-01  -2.1016999433e+00
1.1940000000e+00   1.0945083028e-01  -2.0973771182e+00
1.1960000000e+00   1.0897898948e-01  -2.0930727267e+00
1.1980000000e+00   1.0851331449e-01  -2.0887867270e+00
1.2000000000e+00   1.0805372454e-01  -2.0845190815e+00
1.2020000000e+00   1.0760014498e-01  -2.0802697580e+00
1.2040000000e+00   1.0715250630e-01  -2.0760387309e+00
1.2060000000e+00   1.0671074310e-01  -2.0718259824e+00
1.2080000000e+00   1.0627479281e-01  -2.0676315032e+00
1.2100000000e+00   1.0584459433e-01  -2.0634552942e+00
1.2120000000e+00   1.0542008636e-01  -2.0592973671e+00
1.2140000000e+00   1.0500120552e-01  -2.0551577454e+00
1.2160000000e+00   1.0458788428e-01  -2.0510364652e+00
1.2180000000e+00   1.0418004847e-01  -2.0469335758e+00
1.2200000000e+00   1.0377761460e-01  -2.0428491400e+00
1.2220000000e+00   1.0338048683e-01  -2.0387832340e+00
1.2240000000e+00   1.0298855360e-01  -2.0347359473e+00
1.2260000000e+00   1.0260168404e-01  -2.0307073813e+00
1.2280000000e+00   1.0221972411e-01  -2.0266976479e+00
1.2300000000e+00   1.0184249261e-01  -2.0227068672e+00
1.2320000000e+00   1.0146977720e-01  -2.0187351639e+00
1.2340000000e+00   1.0110133056e-01  -2.0147826630e+00
1.2360000000e+00   1.0073686694e-01  -2.0108494845e+00
1.2380000000e+00   1.0037605939e-01  -2.0069357364e+00
1.2400000000e+00   1.0001853804e-01  -2.0030415072e+00
1.2420000000e+00   9.9663889654e-02  -1.9991668567e+00
1.2440000000e+00   9.9311659097e-02  -1.9953118064e+00
1.2460000000e+00   9.8961352850e-02  -1.9914763289e+00
1.2480000000e+00   9.8612445051e-02  -1.9876603380e+00
1.2500000000e+00   9.8264386208e-02  -1.9838636786e+00
1.2520000000e+00   9.7916614647e-02  -1.9800861183e+00
1.2540000000e+00   9.7568570522e-02  -1.9763273415e+00
1.2560000000e+00   9.7219711955e-02  -1.9725869452e+00
1.2580000000e+00   9.6869532604e-02  -1.9688644401e+00
1.2600000000e+00   9.6517579702e-02  -1.9651592546e+00
1.2620000000e+00   9.6163471424e-02  -1.9614707438e+00
1.2640000000e+00   9.5806912338e-02  -1.9577982024e+00
1.2660000000e+00   9.5447705754e-02  -1.9541408819e+00
1.2680000000e+00   9.5085761950e-02  -1.9504980097e+00
1.2700000000e+00   9.4721101569e-02  -1.9468688109e+00
1.2720000000e+00   9.4353853902e-02  -1.9432525295e+00
1.2740000000e+00   9.3984250195e-02  -1.9396484489e+00
1.2760000000e+00   9.3612612570e-02  -1.9360559098e+00
1.2780000000e+00   9.3239339484e-02  -1.9324743243e+00
1.2800000000e+00   9.2864888870e-02  -1.9289031866e+00
1.2820000000e+00   9.2489760208e-02  -1.9253420785e+00
1.2840000000e+00   9.2114476715e-02  -1.9217906716e+00
1.2860000000e+00   9.1739568673e-02  -1.9182487244e+00
1.2880000000e+00   9.1365558689e-02  -1.9147160773e+00
1.2900000000e+00   9.0992949405e-02  -1.9111926449e+00
1.2920000000e+00   9.0622213916e-02  -1.9076784066e+00
1.2940000000e+00   9.0253788898e-02  -1.9041733962e+00
1.2960000000e+00   8.9888070307e-02  -1.9006776922e+00
1.2980000000e+00   8.9525411331e-02  -1.8971914073e+00
1.3000000000e+00   8.9166122247e-02  -1.8937146797e+00
1.3020000000e+00   8.8810471785e-02  -1.8902476651e+00
1.3040000000e+00   8.8458689601e-02  -1.8867905294e+00
1.3060000000e+00   8.8110969541e-02  -1.8833434435e+00
1.3080000000e+00   8.7767473356e-02  -1.8799065785e+00
1.3100000000e+00   8.7428334648e-02  -1.8764801023e+00
1.3120000000e+00   8.7093662834e-02  -1.8730641773e+00
1.3140000000e+00   8.6763546993e-02  -1.8696589590e+00
1.3160000000e+00   8.6438059487e-02  -1.8662645946e+00
1.3180000000e+00   8.6117259286e-02  -1.8628812234e+00
1.3200000000e+00   8.5801194962e-02  -1.8595089770e+00
1.3220000000e+00   8.5489907331e-02  -1.8561479796e+00
1.3240000000e+00   8.5183431734e-02  -1.8527983495e+00
1.3260000000e+00   8.4881799963e-02  -1.8494602002e+00
1.3280000000e+00   8.4585041840e-02  -1.8461336419e+00
1.3300000000e+00   8.4293186464e-02  -1.8428187834e+00
1.3320000000e+00   8.4006263123e-02  -1.8395157335e+00
1.3340000000e+00   8.3724301896e-02  -1.8362246033e+00
1.3360000000e+00   8.3447333923e-02  -1.8329455081e+00
1.3380000000e+00   8.3175391364e-02  -1.8296785694e+00
1.3400000000e+00   8.2908507015e-02  -1.8264239171e+00
1.3420000000e+00   8.2646713586e-02  -1.8231816915e+00
1.3440000000e+00   8.2390042590e-02  -1.8199520458e+00
1.3460000000e+00   8.2138522843e-02  -1.8167351482e+00
1.3480000000e+00   8.1892178512e-02  -1.8135311839e+00
1.3500000000e+00   8.1651026690e-02  -1.8103403572e+00
1.3520000000e+00   8.1415074436e-02  -1.8071628935e+00
1.3540000000e+00   8.1184315251e-02  -1.8039990409e+00
1.3560000000e+00   8.0958724932e-02  -1.8008490718e+00
1.3580000000e+00   8.0738256784e-02  -1.7977132834e+00
1.3600000000e+00   8.0522836158e-02  -1.7945919987e+00
1.3620000000e+00   8.0312354330e-02  -1.7914855652e+00
1.3640000000e+00   8.0106661750e-02  -1.7883943543e+00
1.3660000000e+00   7.9905560752e-02  -1.7853187582e+00
1.3680000000e+00   7.9708797859e-02  -1.7822591858e+00
1.3700000000e+00   7.9516055922e-02  -1.7792160572e+00
1.3720000000e+00   7.9326946384e-02  -1.7761897955e+00
1.3740000000e+00   7.9141002096e-02  -1.7731808170e+00
1.3760000000e+00   7.8957671201e-02  -1.7701895187e+00
1.3780000000e+00   7.8776312724e-02  -1.7672162640e+00
1.3800000000e+00   7.8596194584e-02  -1.7642613649e+00
1.3820000000e+00   7.8416494811e-02  -1.7613250635e+00
1.3840000000e+00   7.8236306755e-02  -1.7584075118e+00
1.3860000000e+00   7.8054649005e-02  -1.7555087501e+00
1.3880000000e+00   7.7870480541e-02  -1.7526286874e+00
1.3900000000e+00   7.7682721409e-02  -1.7497670823e+00
1.3920000000e+00   7.7490278743e-02  -1.7469235288e+00
1.3940000000e+00   7.7292077548e-02  -1.7440974461e+00
1.3960000000e+00   7.7087095046e-02  -1.7412880760e+00
1.3980000000e+00   7.6874396887e-02  -1.7384944879e+00
1.4000000000e+00   7.6653173070e-02  -1.7357155926e+00
1.4020000000e+00   7.6422771132e-02  -1.7329501648e+00
1.4040000000e+00   7.6182724120e-02  -1.7301968739e+00
1.4060000000e+00   7.5932771096e-02  -1.7274543212e+00
1.4080000000e+00   7.5672868460e-02  -1.7247210817e+00
1.4100000000e+00   7.5403191095e-02  -1.7219957477e+00
1.4120000000e+00   7.5124123232e-02  -1.7192769706e+00
1.4140000000e+00   7.4836239835e-02  -1.7165635002e+00
1.4160000000e+00   7.4540280073e-02  -1.7138542165e+00
1.4180000000e+00   7.4237115040e-02  -1.7111481541e+00
1.4200000000e+00   7.3927712167e-02  -1.7084445186e+00
1.4220000000e+00   7.3613098811e-02  -1.7057426930e+00
1.4240000000e+00   7.3294327249e-02  -1.7030422366e+00
1.4260000000e+00   7.2972442904e-02  -1.7003428769e+00
1.4280000000e+00   7.2648457094e-02  -1.6976444955e+00
1.4300000000e+00   7.2323325057e-02  -1.6949471104e+00
1.4320000000e+00   7.1997929479e-02  -1.6922508561e+00
1.4340000000e+00   7.1673069358e-02  -1.6895559622e+00
1.4360000000e+00   7.1349453715e-02  -1.6868627333e+00
1.4380000000e+00   7.1027699459e-02  -1.6841715289e+00
1.4400000000e+00   7.0708332645e-02  -1.6814827464e+00
1.4420000000e+00   7.0391792324e-02  -1.6787968052e+00
1.4440000000e+00   7.0078436255e-02  -1.6761141340e+00
1.4460000000e+00   6.9768547817e-02  -1.6734351601e+00
1.4480000000e+00   6.9462343585e-02  -1.6707603008e+00
1.4500000000e+00   6.9159981124e-02  -1.6680899572e+00
1.4520000000e+00   6.8861566669e-02  -1.6654245092e+00
1.4540000000e+00   6.8567162461e-02  -1.6627643127e+00
1.4560000000e+00   6.8276793571e-02  -1.6601096975e+00
1.4580000000e+00   6.7990454124e-02  -1.6574609665e+00
1.4600000000e+00   6.7708112877e-02  -1.6548183954e+00
1.4620000000e+00   6.7429718147e-02  -1.6521822333e+00
1.4640000000e+00   6.7155202100e-02  -1.6495527038e+00
1.4660000000e+00   6.6884484455e-02  -1.6469300058e+00
1.4680000000e+00   6.6617475631e-02  -1.6443143154e+00
1.4700000000e+00   6.6354079404e-02  -1.6417057870e+00
1.4720000000e+00   6.6094195124e-02  -1.6391045552e+00
1.4740000000e+00   6.5837719550e-02  -1.6365107365e+00
1.4760000000e+00   6.5584548340e-02  -1.6339244303e+00
1.4780000000e+00   6.5334577263e-02  -1.6313457212e+00
1.4800000000e+00   6.5087703161e-02  -1.6287746797e+00
1.4820000000e+00   6.4843824701e-02  -1.6262113640e+00
1.4840000000e+00   6.4602842959e-02  -1.6236558211e+00
1.4860000000e+00   6.4364661851e-02  -1.6211080877e+00
1.4880000000e+00   6.4129188451e-02  -1.6185681919e+00
1.4900000000e+00   6.3896333210e-02  -1.6160361534e+00
1.4920000000e+00   6.3666010087e-02  -1.6135119850e+00
1.4940000000e+00   6.3438136623e-02  -1.6109956930e+00
1.4960000000e+00   6.3212633967e-02  -1.6084872781e+00
1.4980000000e+00   6.2989426847e-02  -1.6059867359e+00
1.5000000000e+00   6.2768443528e-02  -1.6034940577e+00
1.5020000000e+00   6.2549615729e-02  -1.6010092309e+00
1.5040000000e+00   6.2332878534e-02  -1.5985322395e+00
1.5060000000e+00   6.2118170284e-02  -1.5960630642e+00
1.5080000000e+00   6.1905432464e-02  -1.5936016835e+00
1.5100000000e+00   6.1694609581e-02  -1.5911480733e+00
1.5120000000e+00   6.1485649044e-02  -1.5887022077e+00
1.5140000000e+00   6.1278501038e-02  -1.5862640588e+00
1.5160000000e+00   6.1073118402e-02  -1.5838335975e+00
1.5180000000e+00   6.0869456512e-02  -1.5814107932e+00
1.5200000000e+00   6.0667473161e-02  -1.5789956144e+00
1.5220000000e+00   6.0467128450e-02  -1.5765880284e+00
1.5240000000e+00   6.0268384676e-02  -1.5741880020e+00
1.5260000000e+00   6.0071206235e-02  -1.5717955012e+00
1.5280000000e+00   5.9875559519e-02  -1.5694104916e+00
1.5300000000e+00   5.9681412830e-02  -1.5670329383e+00
1.5320000000e+00   5.9488736287e-02  -1.5646628061e+00
1.5340000000e+00   5.9297501751e-02  -1.5623000596e+00
1.5360000000e+00   5.9107682745e-02  -1.5599446633e+00
1.5380000000e+00   5.8919254387e-02  -1.5575965815e+00
1.5400000000e+00   5.8732193322e-02  -1.5552557787e+00
1.5420000000e+00   5.8546477662e-02  -1.5529222193e+00
1.5440000000e+00   5.8362086934e-02  -1.5505958679e+00
1.5460000000e+00   5.8179002024e-02  -1.5482766894e+00
1.5480000000e+00   5.7997205135e-02  -1.5459646487e+00
1.5500000000e+00   5.7816679738e-02  -1.5436597110e+00
1.5520000000e+00   5.7637410541e-02  -1.5413618422e+00
1.5540000000e+00   5.7459383448e-02  -1.5390710082e+00
1.5560000000e+00   5.7282585527e-02  -1.5367871756e+00
1.5580000000e+00   5.7107004981e-02  -1.5345103112e+00
1.5600000000e+00   5.6932631120e-02  -1.5322403829e+00
1.5620000000e+00   5.6759454334e-02  -1.5299773586e+00
1.5640000000e+00   5.6587466069e-02  -1.5277212073e+00
1.5660000000e+00   5.6416658801e-02  -1.5254718988e+00
1.5680000000e+00   5.6247026009e-02  -1.5232294034e+00
1.5700000000e+00   5.6078562151e-02  -1.5209936927e+00
1.5720000000e+00   5.5911262631e-02  -1.5187647390e+00
1.5740000000e+00   5.5745123765e-02  -1.5165425160e+00
1.5760000000e+00   5.5580142743e-02  -1.5143269983e+00
1.5780000000e+00   5.5416317579e-02  -1.5121181621e+00
1.5800000000e+00   5.5253647055e-02  -1.5099159850e+00
1.5820000000e+00   5.5092130650e-02  -1.5077204461e+00
1.5840000000e+00   5.4931768453e-02  -1.5055315264e+00
1.5860000000e+00   5.4772561061e-02  -1.5033492088e+00
1.5880000000e+00   5.4614509451e-02  -1.5011734781e+00
1.5900000000e+00   5.4457614821e-02  -1.4990043215e+00
1.5920000000e+00   5.4301878405e-02  -1.4968417288e+00
1.5940000000e+00   5.4147301246e-02  -1.4946856922e+00
1.5960000000e+00   5.3993883926e-02  -1.4925362069e+00
1.5980000000e+00   5.3841626241e-02  -1.4903932710e+00
1.6000000000e+00   5.3690526825e-02  -1.4882568859e+00
1.6020000000e+00   5.3540582702e-02  -1.4861270565e+00
1.6040000000e+00   5.3391788777e-02  -1.4840037909e+00
1.6060000000e+00   5.3244137238e-02  -1.4818871010e+00
1.6080000000e+00   5.3097616895e-02  -1.4797770023e+00
1.6100000000e+00   5.2952212426e-02  -1.4776735135e+00
1.6120000000e+00   5.2807903556e-02  -1.4755766570e+00
1.6140000000e+00   5.2664664167e-02  -1.4734864579e+00
1.6160000000e+00   5.2522461360e-02  -1.4714029438e+00
1.6180000000e+00   5.2381254491e-02  -1.4693261441e+00
1.6200000000e+00   5.2240994229e-02  -1.4672560889e+00
1.6220000000e+00   5.2101621664e-02  -1.4651928077e+00
1.6240000000e+00   5.1963067554e-02  -1.4631363285e+00
1.6260000000e+00   5.1825251766e-02  -1.4610866750e+00
1.6280000000e+00   5.1688083014e-02  -1.4590438654e+00
1.6300000000e+00   5.1551458971e-02  -1.4570079097e+00
1.6320000000e+00   5.1415266878e-02  -1.4549788070e+00
1.6340000000e+00   5.1279384707e-02  -1.4529565436e+00
1.6360000000e+00   5.1143682973e-02  -1.4509410897e+00
1.6380000000e+00   5.1008027213e-02  -1.4489323976e+00
1.6400000000e+00   5.0872281124e-02  -1.4469303997e+00
1.6420000000e+00   5.0736310296e-02  -1.4449350075e+00
1.6440000000e+00   5.0599986386e-02  -1.4429461105e+00
1.6460000000e+00   5.0463191541e-02  -1.4409635776e+00
1.6480000000e+00   5.0325822810e-02  -1.4389872580e+00
1.6500000000e+00   5.0187796236e-02  -1.4370169844e+00
1.6520000000e+00   5.0049050340e-02  -1.4350525763e+00
1.6540000000e+00   4.9909548707e-02  -1.4330938447e+00
1.6560000000e+00   4.9769281456e-02  -1.4311405971e+00
1.6580000000e+00   4.9628265479e-02  -1.4291926428e+00
1.6600000000e+00   4.9486543416e-02  -1.4272497982e+00
1.6620000000e+00   4.9344181455e-02  -1.4253118916e+00
1.6640000000e+00   4.9201266155e-02  -1.4233787668e+00
1.6660000000e+00   4.9057900536e-02  -1.4214502868e+00
1.6680000000e+00   4.8914199750e-02  -1.4195263353e+00
1.6700000000e+00   4.8770286623e-02  -1.4176068178e+00
1.6720000000e+00   4.8626287349e-02  -1.4156916616e+00
1.6740000000e+00   4.8482327575e-02  -1.4137808148e+00
1.6760000000e+00   4.8338529019e-02  -1.4118742445e+00
1.6780000000e+00   4.8195006734e-02  -1.4099719349e+00
1.6800000000e+00   4.8051867041e-02  -1.4080738846e+00
1.6820000000e+00   4.7909206127e-02  -1.4061801042e+00
1.6840000000e+00   4.7767109230e-02  -1.4042906138e+00
1.6860000000e+00   4.7625650345e-02  -1.4024054404e+00
1.6880000000e+00   4.7484892351e-02  -1.4005246159e+00
1.6900000000e+00   4.7344887464e-02  -1.3986481753e+00
1.6920000000e+00   4.7205677919e-02  -1.3967761546e+00
1.6940000000e+00   4.7067296809e-02  -1.3949085902e+00
1.6960000000e+00   4.6929769011e-02  -1.3930455170e+00
1.6980000000e+00   4.6793112133e-02  -1.3911869685e+00
1.7000000000e+00   4.6657337462e-02  -1.3893329755e+00
1.7020000000e+00   4.6522450863e-02  -1.3874835659e+00
1.7040000000e+00   4.6388453618e-02  -1.3856387648e+00
1.7060000000e+00   4.6255343197e-02  -1.3837985938e+00
1.7080000000e+00   4.6123113944e-02  -1.3819630714e+00
1.7100000000e+00   4.5991757687e-02  -1.3801322129e+00
1.7120000000e+00   4.5861264267e-02  -1.3783060307e+00
1.7140000000e+00   4.5731622000e-02  -1.3764845340e+00
1.7160000000e+00   4.5602818064e-02  -1.3746677294e+00
1.7180000000e+00   4.5474838832e-02  -1.3728556210e+00
1.7200000000e+00   4.5347670143e-02  -1.3710482105e+00
1.7220000000e+00   4.5221297536e-02  -1.3692454973e+00
1.7240000000e+00   4.5095706431e-02  -1.3674474790e+00
1.7260000000e+00   4.4970882282e-02  -1.3656541514e+00
1.7280000000e+00   4.4846810698e-02  -1.3638655086e+00
1.7300000000e+00   4.4723477538e-02  -1.3620815432e+00
1.7320000000e+00   4.4600868983e-02  -1.3603022467e+00
1.7340000000e+00   4.4478971591e-02  -1.3585276092e+00
1.7360000000e+00   4.4357772339e-02  -1.3567576199e+00
1.7380000000e+00   4.4237258653e-02  -1.3549922672e+00
1.7400000000e+00   4.4117418421e-02  -1.3532315385e+00
1.7420000000e+00   4.3998240009e-02  -1.3514754205e+00
1.7440000000e+00   4.3879712263e-02  -1.3497238996e+00
1.7460000000e+00   4.3761824508e-02  -1.3479769612e+00
1.7480000000e+00   4.3644566543e-02  -1.3462345906e+00
1.7500000000e+00   4.3527928636e-02  -1.3444967726e+00
1.7520000000e+00   4.3411901511e-02  -1.3427634916e+00
1.7540000000e+00   4.3296476339e-02  -1.3410347318e+00
1.7560000000e+00   4.3181644726e-02  -1.3393104770e+00
1.7580000000e+00   4.3067398700e-02  -1.3375907112e+00
1.7600000000e+00   4.2953730695e-02  -1.3358754177e+00
1.7620000000e+00   4.2840633544e-02  -1.3341645802e+00
1.7640000000e+00   4.2728100459e-02  -1.3324581820e+00
1.7660000000e+00   4.2616125025e-02  -1.3307562064e+00
1.7680000000e+00   4.2504701185e-02  -1.3290586368e+00
1.7700000000e+00   4.2393823225e-02  -1.3273654565e+00
1.7720000000e+00   4.2283485772e-02  -1.3256766488e+00
1.7740000000e+00   4.2173683772e-02  -1.3239921971e+00
1.7760000000e+00   4.2064412491e-02  -1.3223120848e+00
1.7780000000e+00   4.1955667496e-02  -1.3206362956e+00
1.7800000000e+00   4.1847444655e-02  -1.3189648131e+00
1.7820000000e+00   4.1739740118e-02  -1.3172976210e+00
1.7840000000e+00   4.1632550318e-02  -1.3156347034e+00
1.7860000000e+00   4.1525871955e-02  -1.3139760443e+00
1.7880000000e+00   4.1419701992e-02  -1.3123216281e+00
1.7900000000e+00   4.1314037643e-02  -1.3106714393e+00
1.7920000000e+00   4.1208876362e-02  -1.3090254628e+00
1.7940000000e+00   4.1104215835e-02  -1.3073836836e+00
1.7960000000e+00   4.1000053965e-02  -1.3057460871e+00
1.7980000000e+00   4.0896388855e-02  -1.3041126589e+00
1.8000000000e+00   4.0793218798e-02  -1.3024833853e+00
1.8020000000e+00   4.0690542247e-02  -1.3008582526e+00
1.8040000000e+00   4.0588357798e-02  -1.2992372478e+00
1.8060000000e+00   4.0486664157e-02  -1.2976203583e+00
1.8080000000e+00   4.0385460106e-02  -1.2960075719e+00
1.8100000000e+00   4.0284744461e-02  -1.2943988771e+00
1.8120000000e+00   4.0184516022e-02  -1.2927942629e+00
1.8140000000e+00   4.0084773512e-02  -1.2911937191e+00
1.8160000000e+00   3.9985515509e-02  -1.2895972360e+00
1.8180000000e+00   3.9886740362e-02  -1.2880048046e+00
1.8200000000e+00   3.9788446097e-02  -1.2864164169e+00
1.8220000000e+00   3.9690630301e-02  -1.2848320654e+00
1.8240000000e+00   3.9593290002e-02  -1.2832517435e+00
1.8260000000e+00   3.9496421517e-02  -1.2816754454e+00
1.8280000000e+00   3.9400020301e-02  -1.2801031662e+00
1.8300000000e+00   3.9304080761e-02  -1.2785349014e+00
1.8320000000e+00   3.9208596074e-02  -1.2769706475e+00
1.8340000000e+00   3.9113557984e-02  -1.2754104015e+00
1.8360000000e+00   3.9018956596e-02  -1.2738541605e+00
1.8380000000e+00   3.8924780178e-02  -1.2723019221e+00
1.8400000000e+00   3.8831014972e-02  -1.2707536837e+00
1.8420000000e+00   3.8737645039e-02  -1.2692094423e+00
1.8440000000e+00   3.8644652140e-02  -1.2676691942e+00
1.8460000000e+00   3.8552015687e-02  -1.2661329343e+00
1.8480000000e+00   3.8459712771e-02  -1.2646006559e+00
1.8500000000e+00   3.8367718300e-02  -1.2630723501e+00
1.8520000000e+00   3.8276005252e-02  -1.2615480051e+00
1.8540000000e+00   3.8184545066e-02  -1.2600276058e+00
1.8560000000e+00   3.8093308181e-02  -1.2585111332e+00
1.8580000000e+00   3.8002264702e-02  -1.2569985643e+00
1.8600000000e+00   3.7911385204e-02  -1.2554898715e+00
1.8620000000e+00   3.7820641614e-02  -1.2539850228e+00
1.8640000000e+00   3.7730008155e-02  -1.2524839817e+00
1.8660000000e+00   3.7639462271e-02  -1.2509867077e+00
1.8680000000e+00   3.7548985491e-02  -1.2494931568e+00
1.8700000000e+00   3.7458564153e-02  -1.2480032824e+00
1.8720000000e+00   3.7368189938e-02  -1.2465170361e+00
1.8740000000e+00   3.7277860163e-02  -1.2450343690e+00
1.8760000000e+00   3.7187577814e-02  -1.2435552327e+00
1.8780000000e+00   3.7097351312e-02  -1.2420795802e+00
1.8800000000e+00   3.7007194029e-02  -1.2406073673e+00
1.8820000000e+00   3.6917123609e-02  -1.2391385532e+00
1.8840000000e+00   3.6827161124e-02  -1.2376731010e+00
1.8860000000e+00   3.6737330162e-02  -1.2362109786e+00
1.8880000000e+00   3.6647655879e-02  -1.2347521582e+00
1.8900000000e+00   3.6558164090e-02  -1.2332966168e+00
1.8920000000e+00   3.6468880452e-02  -1.2318443359e+00
1.8940000000e+00   3.6379829750e-02  -1.2303953008e+00
1.8960000000e+00   3.6291035335e-02  -1.2289495007e+00
1.8980000000e+00   3.6202518688e-02  -1.2275069276e+00
1.9000000000e+00   3.6114299137e-02  -1.2260675763e+00
1.9020000000e+00   3.6026393690e-02  -1.2246314433e+00
1.9040000000e+00   3.5938816980e-02  -1.2231985268e+00
1.9060000000e+00   3.5851581298e-02  -1.2217688260e+00
1.9080000000e+00   3.5764696689e-02  -1.2203423406e+00
1.9100000000e+00   3.5678171105e-02  -1.2189190707e+00
1.9120000000e+00   3.5592010578e-02  -1.2174990165e+00
1.9140000000e+00   3.5506219419e-02  -1.2160821779e+00
1.9160000000e+00   3.5420800421e-02  -1.2146685543e+00
1.9180000000e+00   3.5335755055e-02  -1.2132581449e+00
1.9200000000e+00   3.5251083663e-02  -1.2118509481e+00
1.9220000000e+00   3.5166785631e-02  -1.2104469617e+00
1.9240000000e+00   3.5082859555e-02  -1.2090461830e+00
1.9260000000e+00   3.4999303380e-02  -1.2076486085e+00
1.9280000000e+00   3.4916114535e-02  -1.2062542342e+00
1.9300000000e+00   3.4833290036e-02  -1.2048630552e+00
1.9320000000e+00   3.4750826588e-02  -1.2034750664e+00
1.9340000000e+00   3.4668720665e-02  -1.2020902619e+00
1.9360000000e+00   3.4586968577e-02  -1.2007086353e+00
1.9380000000e+00   3.4505566531e-02  -1.1993301798e+00
1.9400000000e+00   3.4424510673e-02  -1.1979548883e+00
1.9420000000e+00   3.4343797135e-02  -1.1965827530e+00
1.9440000000e+00   3.4263422059e-02  -1.1952137660e+00
1.9460000000e+00   3.4183381624e-02  -1.1938479191e+00
1.9480000000e+00   3.4103672068e-02  -1.1924852037e+00
1.9500000000e+00   3.4024289702e-02  -1.1911256109e+00
1.9520000000e+00   3.3945230919e-02  -1.1897691317e+00
1.9540000000e+00   3.3866492204e-02  -1.1884157571e+00
1.9560000000e+00   3.3788070143e-02  -1.1870654775e+00
1.9580000000e+00   3.3709961419e-02  -1.1857182835e+00
1.9600000000e+00   3.3632162821e-02  -1.1843741654e+00
1.9620000000e+00   3.3554671243e-02  -1.1830331136e+00
1.9640000000e+00   3.3477483680e-02  -1.1816951182e+00
1.9660000000e+00   3.3400597231e-02  -1.1803601693e+00
1.9680000000e+00   3.3324009097e-02  -1.1790282571e+00
1.9700000000e+00   3.3247716575e-02  -1.1776993714e+00
1.9720000000e+00   3.3171717061e-02  -1.1763735023e+00
1.9740000000e+00   3.3096008040e-02  -1.1750506398e+00
1.9760000000e+00   3.3020587092e-02  -1.1737307738e+00
1.9780000000e+00   3.2945451882e-02  -1.1724138941e+00
1.9800000000e+00   3.2870600159e-02  -1.1710999908e+00
1.9820000000e+00   3.2796029755e-02  -1.1697890538e+00
1.9840000000e+00   3.2721738581e-02  -1.1684810730e+00
1.9860000000e+00   3.2647724623e-02  -1.1671760384e+00
1.9880000000e+00   3.2573985941e-02  -1.1658739399e+00
1.9900000000e+00   3.2500520667e-02  -1.1645747676e+00
1.9920000000e+00   3.2427327002e-02  -1.1632785114e+00
1.9940000000e+00   3.2354403213e-02  -1.1619851614e+00
1.9960000000e+00   3.2281747632e-02  -1.1606947078e+00
1.9980000000e+00   3.2209358657e-02  -1.1594071406e+00
2.0000000000e+00   3.2137234745e-02  -1.1581224499e+00
2.0020000000e+00   3.2065374415e-02  -1.1568406260e+00
2.0040000000e+00   3.1993776244e-02  -1.1555616591e+00
2.0060000000e+00   3.1922438868e-02  -1.1542855396e+00
2.0080000000e+00   3.1851360982e-02  -1.1530122576e+00
2.0100000000e+00   3.1780541336e-02  -1.1517418036e+00
2.0120000000e+00   3.1709978736e-02  -1.1504741681e+00
2.0140000000e+00   3.1639672046e-02  -1.1492093415e+00
2.0160000000e+00   3.1569620183e-02  -1.1479473143e+00
2.0180000000e+00   3.1499822121e-02  -1.1466880772e+00
2.0200000000e+00   3.1430276890e-02  -1.1454316208e+00
2.0220000000e+00   3.1360983576e-02  -1.1441779358e+00
2.0240000000e+00   3.1291941318e-02  -1.1429270130e+00
2.0260000000e+00   3.1223149315e-02  -1.1416788433e+00
2.0280000000e+00   3.1154606819e-02  -1.1404334176e+00
2.0300000000e+00   3.1086313142e-02  -1.1391907268e+00
2.0320000000e+00   3.1018267651e-02  -1.1379507622e+00
2.0340000000e+00   3.0950469769e-02  -1.1367135148e+00
2.0360000000e+00   3.0882918979e-02  -1.1354789760e+00
2.0380000000e+00   3.0815614819e-02  -1.1342471371e+00
2.0400000000e+00   3.0748556883e-02  -1.1330179896e+00
2.0420000000e+00   3.0681744822e-02  -1.1317915251e+00
2.0440000000e+00   3.0615178340e-02  -1.1305677353e+00
2.0460000000e+00   3.0548857193e-02  -1.1293466121e+00
2.0480000000e+00   3.0482781186e-02  -1.1281281475e+00
2.0500000000e+00   3.0416950167e-02  -1.1269123336e+00
2.0520000000e+00   3.0351364025e-02  -1.1256991627e+00
2.0540000000e+00   3.0286022680e-02  -1.1244886274e+00
2.0560000000e+00   3.0220926078e-02  -1.1232807204e+00
2.0580000000e+00   3.0156074173e-02  -1.1220754345e+00
2.0600000000e+00   3.0091466920e-02  -1.1208727629e+00
2.0620000000e+00   3.0027104254e-02  -1.1196726991e+00
2.0640000000e+00   2.9962986072e-02  -1.1184752366e+00
2.0660000000e+00   2.9899112203e-02  -1.1172803693e+00
2.0680000000e+00   2.9835482383e-02  -1.1160880916e+00
2.0700000000e+00   2.9772096219e-02  -1.1148983980e+00
2.0720000000e+00   2.9708953144e-02  -1.1137112833e+00
2.0740000000e+00   2.9646052372e-02  -1.1125267427e+00
2.0760000000e+00   2.9583392842e-02  -1.1113447718e+00
2.0780000000e+00   2.9520973155e-02  -1.1101653665e+00
2.0800000000e+00   2.9458791505e-02  -1.1089885231e+00
2.0820000000e+00   2.9396845604e-02  -1.1078142379e+00
2.0840000000e+00   2.9335132599e-02  -1.1066425079e+00
2.0860000000e+00   2.9273648984e-02  -1.1054733300e+00
2.0880000000e+00   2.9212390520e-02  -1.1043067015e+00
2.0900000000e+00   2.9151352144e-02  -1.1031426195e+00
2.0920000000e+00   2.9090527896e-02  -1.1019810812e+00
2.0940000000e+00   2.9029910854e-02  -1.1008220836e+00
2.0960000000e+00   2.8969493094e-02  -1.0996656231e+00
2.0980000000e+00   2.8909265675e-02  -1.0985116958e+00
2.1000000000e+00   2.8849218662e-02  -1.0973602969e+00
2.1020000000e+00   2.8789341202e-02  -1.0962114206e+00
2.1040000000e+00   2.8729621642e-02  -1.0950650597e+00
2.1060000000e+00   2.8670047717e-02  -1.0939212056e+00
2.1080000000e+00   2.8610606795e-02  -1.0927798482e+00
2.1100000000e+00   2.8551286180e-02  -1.0916409753e+00
2.1120000000e+00   2.8492073462e-02  -1.0905045730e+00
2.1140000000e+00   2.8432956911e-02  -1.0893706252e+00
2.1160000000e+00   2.8373925875e-02  -1.0882391143e+00
2.1180000000e+00   2.8314971178e-02  -1.0871100208e+00
2.1200000000e+00   2.8256085474e-02  -1.0859833238e+00
2.1220000000e+00   2.8197263537e-02  -1.0848590014e+00
2.1240000000e+00   2.8138502470e-02  -1.0837370311e+00
2.1260000000e+00   2.8079801797e-02  -1.0826173903e+00
2.1280000000e+00   2.8021163449e-02  -1.0815000566e+00
2.1300000000e+00   2.7962591636e-02  -1.0803850086e+00
2.1320000000e+00   2.7904092616e-02  -1.0792722260e+00
2.1340000000e+00   2.7845674382e-02  -1.0781616900e+00
2.1360000000e+00   2.7787346295e-02  -1.0770533836e+00
2.1380000000e+00   2.7729118679e-02  -1.0759472919e+00
2.1400000000e+00   2.7671002427e-02  -1.0748434019e+00
2.1420000000e+00   2.7613008613e-02  -1.0737417025e+00
2.1440000000e+00   2.7555148158e-02  -1.0726421846e+00
2.1460000000e+00   2.7497431536e-02  -1.0715448407e+00
2.1480000000e+00   2.7439868552e-02  -1.0704496647e+00
2.1500000000e+00   2.7382468170e-02  -1.0693566519e+00
2.1520000000e+00   2.7325238408e-02  -1.0682657986e+00
2.1540000000e+00   2.7268186276e-02  -1.0671771019e+00
2.1560000000e+00   2.7211317767e-02  -1.0660905594e+00
2.1580000000e+00   2.7154637879e-02  -1.0650061692e+00
2.1600000000e+00   2.7098150661e-02  -1.0639239296e+00
2.1620000000e+00   2.7041859282e-02  -1.0628438390e+00
2.1640000000e+00   2.6985766110e-02  -1.0617658956e+00
2.1660000000e+00   2.6929872799e-02  -1.0606900979e+00
2.1680000000e+00   2.6874180372e-02  -1.0596164438e+00
2.1700000000e+00   2.6818689307e-02  -1.0585449313e+00
2.1720000000e+00   2.6763399620e-02  -1.0574755580e+00
2.1740000000e+00   2.6708310934e-02  -1.0564083211e+00
2.1760000000e+00   2.6653422551e-02  -1.0553432179e+00
2.1780000000e+00   2.6598733508e-02  -1.0542802450e+00
2.1800000000e+00   2.6544242634e-02  -1.0532193991e+00
2.1820000000e+00   2.6489948594e-02  -1.0521606764e+00
2.1840000000e+00   2.6435849927e-02  -1.0511040729e+00
2.1860000000e+00   2.6381945083e-02  -1.0500495844e+00
2.1880000000e+00   2.6328232449e-02  -1.0489972065e+00
2.1900000000e+00   2.6274710373e-02  -1.0479469347e+00
2.1920000000e+00   2.6221377184e-02  -1.0468987641e+00
2.1940000000e+00   2.6168231207e-02  -1.0458526897e+00
2.1960000000e+00   2.6115270776e-02  -1.0448087066e+00
2.1980000000e+00   2.6062494247e-02  -1.0437668095e+00
2.2000000000e+00   2.6009900000e-02  -1.0427269931e+00
2.2020000000e+00   2.5957486452e-02  -1.0416892520e+00
2.2040000000e+00   2.5905252057e-02  -1.0406535806e+00
2.2060000000e+00   2.5853195310e-02  -1.0396199734e+00
2.2080000000e+00   2.5801314752e-02  -1.0385884248e+00
2.2100000000e+00   2.5749608970e-02  -1.0375589290e+00
2.2120000000e+00   2.5698076595e-02  -1.0365314804e+00
2.2140000000e+00   2.5646716309e-02  -1.0355060731e+00
2.2160000000e+00   2.5595526837e-02  -1.0344827012e+00
2.2180000000e+00   2.5544506955e-02  -1.0334613591e+00
2.2200000000e+00   2.5493655481e-02  -1.0324420408e+00
2.2220000000e+00   2.5442971282e-02  -1.0314247404e+00
2.2240000000e+00   2.5392453267e-02  -1.0304094520e+00
2.2260000000e+00   2.5342100390e-02  -1.0293961698e+00
2.2280000000e+00   2.5291911648e-02  -1.0283848879e+00
2.2300000000e+00   2.5241886078e-02  -1.0273756003e+00
2.2320000000e+00   2.5192022761e-02  -1.0263683013e+00
2.2340000000e+00   2.5142320815e-02  -1.0253629848e+00
2.2360000000e+00   2.5092779399e-02  -1.0243596451e+00
2.2380000000e+00   2.5043397711e-02  -1.0233582762e+00
2.2400000000e+00   2.4994174986e-02  -1.0223588723e+00
2.2420000000e+00   2.4945110496e-02  -1.0213614276e+00
2.2440000000e+00   2.4896203552e-02  -1.0203659362e+00
2.2460000000e+00   2.4847453499e-02  -1.0193723924e+00
2.2480000000e+00   2.4798859720e-02  -1.0183807904e+00
2.2500000000e+00   2.4750421634e-02  -1.0173911244e+00
2.2520000000e+00   2.4702138696e-02  -1.0164033887e+00
2.2540000000e+00   2.4654010397e-02  -1.0154175775e+00
2.2560000000e+00   2.4606036265e-02  -1.0144336853e+00
2.2580000000e+00   2.4558215864e-02  -1.0134517063e+00
2.2600000000e+00   2.4510548796e-02  -1.0124716349e+00
2.2620000000e+00   2.4463034699e-02  -1.0114934655e+00
2.2640000000e+00   2.4415673251e-02  -1.0105171926e+00
2.2660000000e+00   2.4368464167e-02  -1.0095428107e+00
2.2680000000e+00   2.4321407202e-02  -1.0085703143e+00
2.2700000000e+00   2.4274502151e-02  -1.0075996979e+00
2.2720000000e+00   2.4227748851e-02  -1.0066309562e+00
2.2740000000e+00   2.4181147179e-02  -1.0056640837e+00
2.2760000000e+00   2.4134697056e-02  -1.0046990753e+00
2.2780000000e+00   2.4088398445e-02  -1.0037359257e+00
2.2800000000e+00   2.4042251355e-02  -1.0027746297e+00
2.2820000000e+00   2.3996255837e-02  -1.0018151823e+00
2.2840000000e+00   2.3950411990e-02  -1.0008575782e+00
2.2860000000e+00   2.3904719957e-02  -9.9990181274e-01
2.2880000000e+00   2.3859179925e-02  -9.9894788088e-01
2.2900000000e+00   2.3813792127e-02  -9.9799577788e-01
2.2920000000e+00   2.3768556839e-02  -9.9704549905e-01
2.2940000000e+00   2.3723474379e-02  -9.9609703984e-01
2.2960000000e+00   2.3678545104e-02  -9.9515039578e-01
2.2980000000e+00   2.3633769407e-02  -9.9420556257e-01
2.3000000000e+00   2.3589147711e-02  -9.9326253602e-01
2.3020000000e+00   2.3544680461e-02  -9.9232131212e-01
2.3040000000e+00   2.3500368121e-02  -9.9138188703e-01
2.3060000000e+00   2.3456211158e-02  -9.9044425709e-01
2.3080000000e+00   2.3412210032e-02  -9.8950841884e-01
2.3100000000e+00   2.3368365177e-02  -9.8857436905e-01
2.3120000000e+00   2.3324676983e-02  -9.8764210473e-01
2.3140000000e+00   2.3281145773e-02  -9.8671162311e-01
2.3160000000e+00   2.3237771771e-02  -9.8578292174e-01
2.3180000000e+00   2.3194555070e-02  -9.8485599843e-01
2.3200000000e+00   2.3151495593e-02  -9.8393085127e-01
2.3220000000e+00   2.3108593043e-02  -9.8300747869e-01
2.3240000000e+00   2.3065846854e-02  -9.8208587943e-01
2.3260000000e+00   2.3023256130e-02  -9.8116605251e-01
2.3280000000e+00   2.2980819576e-02  -9.8024799729e-01
2.3300000000e+00   2.2938535426e-02  -9.7933171338e-01
2.3320000000e+00   2.2896401365e-02  -9.7841720066e-01
2.3340000000e+00   2.2854414444e-02  -9.7750445919e-01
2.3360000000e+00   2.2812571000e-02  -9.7659348916e-01
2.3380000000e+00   2.2770866572e-02  -9.7568429080e-01
2.3400000000e+00   2.2729295829e-02  -9.7477686425e-01
2.3420000000e+00   2.2687852508e-02  -9.7387120943e-01
2.3440000000e+00   2.2646529374e-02  -9.7296732590e-01
2.3460000000e+00   2.2605318206e-02  -9.7206521261e-01
2.3480000000e+00   2.2564209823e-02  -9.7116486774e-01
2.3500000000e+00   2.2523194153e-02  -9.7026628847e-01
2.3520000000e+00   2.2482260350e-02  -9.6936947075e-01
2.3540000000e+00   2.2441396975e-02  -9.6847440907e-01
2.3560000000e+00   2.2400592233e-02  -9.6758109632e-01
2.3580000000e+00   2.2359834261e-02  -9.6668952357e-01
2.3600000000e+00   2.2319111479e-02  -9.6579968004e-01
2.3620000000e+00   2.2278412953e-02  -9.6491155309e-01
2.3640000000e+00   2.2237728793e-02  -9.6402512825e-01
2.3660000000e+00   2.2197050531e-02  -9.6314038943e-01
2.3680000000e+00   2.2156371462e-02  -9.6225731919e-01
2.3700000000e+00   2.2115686929e-02  -9.6137589906e-01
2.3720000000e+00   2.2074994515e-02  -9.6049610997e-01
2.3740000000e+00   2.2034294142e-02  -9.5961793269e-01
2.3760000000e+00   2.1993588049e-02  -9.5874134834e-01
2.3780000000e+00   2.1952880674e-02  -9.5786633876e-01
2.3800000000e+00   2.1912178426e-02  -9.5699288697e-01
2.3820000000e+00   2.1871489387e-02  -9.5612097747e-01
2.3840000000e+00   2.1830822951e-02  -9.5525059648e-01
2.3860000000e+00   2.1790189444e-02  -9.5438173210e-01
2.3880000000e+00   2.1749599733e-02  -9.5351437432e-01
2.3900000000e+00   2.1709064861e-02  -9.5264851503e-01
2.3920000000e+00   2.1668595714e-02  -9.5178414790e-01
2.3940000000e+00   2.1628202751e-02  -9.5092126821e-01
2.3960000000e+00   2.1587895778e-02  -9.5005987267e-01
2.3980000000e+00   2.1547683791e-02  -9.4919995917e-01
2.4000000000e+00   2.1507574867e-02  -9.4834152660e-01
2.4020000000e+00   2.1467576115e-02  -9.4748457457e-01
2.4040000000e+00   2.1427693656e-02  -9.4662910328e-01
2.4060000000e+00   2.1387932653e-02  -9.4577511328e-01
2.4080000000e+00   2.1348297351e-02  -9.4492260534e-01
2.4100000000e+00   2.1308791146e-02  -9.4407158030e-01
2.4120000000e+00   2.1269416660e-02  -9.4322203897e-01
2.4140000000e+00   2.1230175828e-02  -9.4237398207e-01
2.4160000000e+00   2.1191069972e-02  -9.4152741011e-01
2.4180000000e+00   2.1152099894e-02  -9.4068232339e-01
2.4200000000e+00   2.1113265943e-02  -9.3983872197e-01
2.4220000000e+00   2.1074568097e-02  -9.3899660563e-01
2.4240000000e+00   2.1036006019e-02  -9.3815597386e-01
2.4260000000e+00   2.0997579121e-02  -9.3731682591e-01
2.4280000000e+00   2.0959286611e-02  -9.3647916071e-01
2.4300000000e+00   2.0921127543e-02  -9.3564297697e-01
2.4320000000e+00   2.0883100852e-02  -9.3480827314e-01
2.4340000000e+00   2.0845205384e-02  -9.3397504744e-01
2.4360000000e+00   2.0807439930e-02  -9.3314329789e-01
2.4380000000e+00   2.0769803243e-02  -9.3231302230e-01
2.4400000000e+00   2.0732294062e-02  -9.3148421831e-01
2.4420000000e+00   2.0694911123e-02  -9.3065688340e-01
2.4440000000e+00   2.0657653176e-02  -9.2983101491e-01
2.4460000000e+00   2.0620518991e-02  -9.2900661003e-01
2.4480000000e+00   2.0583507369e-02  -9.2818366586e-01
2.4500000000e+00   2.0546617147e-02  -9.2736217939e-01
2.4520000000e+00   2.0509847206e-02  -9.2654214753e-01
2.4540000000e+00   2.0473196467e-02  -9.2572356710e-01
2.4560000000e+00   2.0436663902e-02  -9.2490643486e-01
2.4580000000e+00   2.0400248531e-02  -9.2409074753e-01
2.4600000000e+00   2.0363949426e-02  -9.2327650176e-01
2.4620000000e+00   2.0327765709e-02  -9.2246369419e-01
2.4640000000e+00   2.0291696553e-02  -9.2165232140e-01
2.4660000000e+00   2.0255741183e-02  -9.2084237997e-01
2.4680000000e+00   2.0219898876e-02  -9.2003386647e-01
2.4700000000e+00   2.0184168959e-02  -9.1922677745e-01
2.4720000000e+00   2.0148550806e-02  -9.1842110946e-01
2.4740000000e+00   2.0113043844e-02  -9.1761685907e-01
2.4760000000e+00   2.0077647544e-02  -9.1681402284e-01
2.4780000000e+00   2.0042361426e-02  -9.1601259737e-01
2.4800000000e+00   2.0007185052e-02  -9.1521257928e-01
2.4820000000e+00   1.9972118029e-02  -9.1441396520e-01
2.4840000000e+00   1.9937160005e-02  -9.1361675183e-01
2.4860000000e+00   1.9902310665e-02  -9.1282093588e-01
2.4880000000e+00   1.9867569729e-02  -9.1202651413e-01
2.4900000000e+00   1.9832936952e-02  -9.1123348341e-01
2.4920000000e+00   1.9798412114e-02  -9.1044184063e-01
2.4940000000e+00   1.9763995019e-02  -9.0965158274e-01
2.4960000000e+00   1.9729685490e-02  -9.0886270680e-01
2.4980000000e+00   1.9695483358e-02  -9.0807520994e-01
2.5000000000e+00   1.9661388456e-02  -9.0728908940e-01
2.5020000000e+00   1.9627400611e-02  -9.0650434250e-01
2.5040000000e+00   1.9593519629e-02  -9.0572096669e-01
2.5060000000e+00   1.9559745282e-02  -9.0493895953e-01
2.5080000000e+00   1.9526077293e-02  -9.0415831872e-01
2.5100000000e+00   1.9492515316e-02  -9.0337904208e-01
2.5120000000e+00   1.9459058918e-02  -9.0260112755e-01
2.5140000000e+00   1.9425707548e-02  -9.0182457325e-01
2.5160000000e+00   1.9392460517e-02  -9.0104937739e-01
2.5180000000e+00   1.9359316962e-02  -9.0027553834e-01
2.5200000000e+00   1.9326275818e-02  -8.9950305457e-01
2.5220000000e+00   1.9293335780e-02  -8.9873192468e-01
2.5240000000e+00   1.9260495265e-02  -8.9796214732e-01
2.5260000000e+00   1.9227752381e-02  -8.9719372121e-01
2.5280000000e+00   1.9195104888e-02  -8.9642664506e-01
2.5300000000e+00   1.9162550170e-02  -8.9566091756e-01
2.5320000000e+00   1.9130085207e-02  -8.9489653724e-01
2.5340000000e+00   1.9097706566e-02  -8.9413350250e-01
2.5360000000e+00   1.9065410392e-02  -8.9337181144e-01
2.5380000000e+00   1.9033192430e-02  -8.9261146180e-01
2.5400000000e+00   1.9001048056e-02  -8.9185245087e-01
2.5420000000e+00   1.8968972338e-02  -8.9109477539e-01
2.5440000000e+00   1.8936960119e-02  -8.9033843145e-01
2.5460000000e+00   1.8905006127e-02  -8.8958341442e-01
2.5480000000e+00   1.8873105104e-02  -8.8882971890e-01
2.5500000000e+00   1.8841251963e-02  -8.8807733867e-01
2.5520000000e+00   1.8809441949e-02  -8.8732626673e-01
2.5540000000e+00   1.8777670807e-02  -8.8657649531e-01
2.5560000000e+00   1.8745934941e-02  -8.8582801597e-01
2.5580000000e+00   1.8714231560e-02  -8.8508081974e-01
2.5600000000e+00   1.8682558783e-02  -8.8433489726e-01
2.5620000000e+00   1.8650915718e-02  -8.8359023896e-01
2.5640000000e+00   1.8619302483e-02  -8.8284683527e-01
2.5660000000e+00   1.8587720189e-02  -8.8210467683e-01
2.5680000000e+00   1.8556170873e-02  -8.8136375465e-01
2.5700000000e+00   1.8524657388e-02  -8.8062406029e-01
2.5720000000e+00   1.8493183270e-02  -8.7988558600e-01
2.5740000000e+00   1.8461752576e-02  -8.7914832478e-01
2.5760000000e+00   1.8430369716e-02  -8.7841227046e-01
2.5780000000e+00   1.8399039290e-02  -8.7767741769e-01
2.5800000000e+00   1.8367765932e-02  -8.7694376195e-01
2.5820000000e+00   1.8336554175e-02  -8.7621129945e-01
2.5840000000e+00   1.8305408338e-02  -8.7548002707e-01
2.5860000000e+00   1.8274332439e-02  -8.7474994230e-01
2.5880000000e+00   1.8243330133e-02  -8.7402104312e-01
2.5900000000e+00   1.8212404670e-02  -8.7329332790e-01
2.5920000000e+00   1.8181558882e-02  -8.7256679531e-01
2.5940000000e+00   1.8150795180e-02  -8.7184144425e-01
2.5960000000e+00   1.8120115565e-02  -8.7111727375e-01
2.5980000000e+00   1.8089521653e-02  -8.7039428294e-01
2.6000000000e+00   1.8059014705e-02  -8.6967247094e-01
2.6020000000e+00   1.8028595659e-02  -8.6895183687e-01
2.6040000000e+00   1.7998265167e-02  -8.6823237980e-01
2.6060000000e+00   1.7968023633e-02  -8.6751409872e-01
2.6080000000e+00   1.7937871243e-02  -8.6679699250e-01
2.6100000000e+00   1.7907808002e-02  -8.6608105994e-01
2.6120000000e+00   1.7877833761e-02  -8.6536629969e-01
2.6140000000e+00   1.7847948248e-02  -8.6465271031e-01
2.6160000000e+00   1.7818151087e-02  -8.6394029024e-01
2.6180000000e+00   1.7788441824e-02  -8.6322903780e-01
2.6200000000e+00   1.7758819944e-02  -8.6251895120e-01
2.6220000000e+00   1.7729284885e-02  -8.6181002857e-01
2.6240000000e+00   1.7699836054e-02  -8.6110226792e-01
2.6260000000e+00   1.7670472835e-02  -8.6039566721e-01
2.6280000000e+00   1.7641194603e-02  -8.5969022429e-01
2.6300000000e+00   1.7612000728e-02  -8.5898593694e-01
2.6320000000e+00   1.7582890582e-02  -8.5828280291e-01
2.6340000000e+00   1.7553863547e-02  -8.5758081986e-01
2.6360000000e+00   1.7524919014e-02  -8.5687998540e-01
2.6380000000e+00   1.7496056392e-02  -8.5618029712e-01
2.6400000000e+00   1.7467275104e-02  -8.5548175256e-01
2.6420000000e+00   1.7438574596e-02  -8.5478434922e-01
2.6440000000e+00   1.7409954333e-02  -8.5408808458e-01
2.6460000000e+00   1.7381413804e-02  -8.5339295610e-01
2.6480000000e+00   1.7352952520e-02  -8.5269896121e-01
2.6500000000e+00   1.7324570013e-02  -8.5200609733e-01
2.6520000000e+00   1.7296265842e-02  -8.5131436189e-01
2.6540000000e+00   1.7268039589e-02  -8.5062375227e-01
2.6560000000e+00   1.7239890858e-02  -8.4993426589e-01
2.6580000000e+00   1.7211819277e-02  -8.4924590013e-01
2.6600000000e+00   1.7183824498e-02  -8.4855865240e-01
2.6620000000e+00   1.7155906197e-02  -8.4787252011e-01
2.6640000000e+00   1.7128064069e-02  -8.4718750067e-01
2.6660000000e+00   1.7100297835e-02  -8.4650359149e-01
2.6680000000e+00   1.7072607235e-02  -8.4582079003e-01
2.6700000000e+00   1.7044992029e-02  -8.4513909372e-01
2.6720000000e+00   1.7017452001e-02  -8.4445850004e-01
2.6740000000e+00   1.6989986949e-02  -8.4377900649e-01
2.6760000000e+00   1.6962596693e-02  -8.4310061057e-01
2.6780000000e+00   1.6935281068e-02  -8.4242330984e-01
2.6800000000e+00   1.6908039923e-02  -8.4174710187e-01
2.6820000000e+00   1.6880873121e-02  -8.4107198428e-01
2.6840000000e+00   1.6853780536e-02  -8.4039795470e-01
2.6860000000e+00   1.6826762050e-02  -8.3972501084e-01
2.6880000000e+00   1.6799817549e-02  -8.3905315043e-01
2.6900000000e+00   1.6772946919e-02  -8.3838237126e-01
2.6920000000e+00   1.6746150041e-02  -8.3771267116e-01
2.6940000000e+00   1.6719426789e-02  -8.3704404804e-01
2.6960000000e+00   1.6692777017e-02  -8.3637649984e-01
2.6980000000e+00   1.6666200554e-02  -8.3571002460e-01
2.7000000000e+00   1.6639697198e-02  -8.3504462040e-01
2.7020000000e+00   1.6613266700e-02  -8.3438028540e-01
2.7040000000e+00   1.6586908755e-02  -8.3371701783e-01
2.7060000000e+00   1.6560622990e-02  -8.3305481597e-01
2.7080000000e+00   1.6534408944e-02  -8.3239367820e-01
2.7100000000e+00   1.6508266058e-02  -8.3173360293e-01
2.7120000000e+00   1.6482193656e-02  -8.3107458863e-01
2.7140000000e+00   1.6456190924e-02  -8.3041663382e-01
2.7160000000e+00   1.6430256897e-02  -8.2975973703e-01
2.7180000000e+00   1.6404390440e-02  -8.2910389681e-01
2.7200000000e+00   1.6378590233e-02  -8.2844911166e-01
2.7220000000e+00   1.6352854761e-02  -8.2779538006e-01
2.7240000000e+00   1.6327182308e-02  -8.2714270036e-01
2.7260000000e+00   1.6301570953e-02  -8.2649107080e-01
2.7280000000e+00   1.6276018584e-02  -8.2584048945e-01
2.7300000000e+00   1.6250522913e-02  -8.2519095413e-01
2.7320000000e+00   1.6225081506e-02  -8.2454246239e-01
2.7340000000e+00   1.6199691826e-02  -8.2389501150e-01
2.7360000000e+00   1.6174351289e-02  -8.2324859833e-01
2.7380000000e+00   1.6149057327e-02  -8.2260321940e-01
2.7400000000e+00   1.6123807465e-02  -8.2195887083e-01
2.7420000000e+00   1.6098599401e-02  -8.2131554837e-01
2.7440000000e+00   1.6073431088e-02  -8.2067324737e-01
2.7460000000e+00   1.6048300810e-02  -8.2003196291e-01
2.7480000000e+00   1.6023207254e-02  -8.1939168977e-01
2.7500000000e+00   1.5998149560e-02  -8.1875242259e-01
2.7520000000e+00   1.5973127353e-02  -8.1811415590e-01
2.7540000000e+00   1.5948140758e-02  -8.1747688425e-01
2.7560000000e+00   1.5923190384e-02  -8.1684060230e-01
2.7580000000e+00   1.5898277293e-02  -8.1620530491e-01
2.7600000000e+00   1.5873402944e-02  -8.1557098722e-01
2.7620000000e+00   1.5848569125e-02  -8.1493764471e-01
2.7640000000e+00   1.5823777877e-02  -8.1430527325e-01
2.7660000000e+00   1.5799031410e-02  -8.1367386908e-01
2.7680000000e+00   1.5774332024e-02  -8.1304342891e-01
2.7700000000e+00   1.5749682035e-02  -8.1241394979e-01
2.7720000000e+00   1.5725083710e-02  -8.1178542918e-01
2.7740000000e+00   1.5700539215e-02  -8.1115786486e-01
2.7760000000e+00   1.5676050571e-02  -8.1053125488e-01
2.7780000000e+00   1.5651619625e-02  -8.0990559758e-01
2.7800000000e+00   1.5627248039e-02  -8.0928089146e-01
2.7820000000e+00   1.5602937271e-02  -8.0865713518e-01
2.7840000000e+00   1.5578688589e-02  -8.0803432753e-01
2.7860000000e+00   1.5554503066e-02  -8.0741246737e-01
2.7880000000e+00   1.5530381600e-02  -8.0679155361e-01
2.7900000000e+00   1.5506324924e-02  -8.0617158517e-01
2.7920000000e+00   1.5482333627e-02  -8.0555256101e-01
2.7940000000e+00   1.5458408168e-02  -8.0493448004e-01
2.7960000000e+00   1.5434548896e-02  -8.0431734118e-01
2.7980000000e+00   1.5410756063e-02  -8.0370114332e-01
2.8000000000e+00   1.5387029845e-02  -8.0308588531e-01
2.8020000000e+00   1.5363370350e-02  -8.0247156600e-01
2.8040000000e+00   1.5339777634e-02  -8.0185818418e-01
2.8060000000e+00   1.5316251710e-02  -8.0124573864e-01
2.8080000000e+00   1.5292792558e-02  -8.0063422816e-01
2.8100000000e+00   1.5269400127e-02  -8.0002365149e-01
2.8120000000e+00   1.5246074347e-02  -7.9941400739e-01
2.8140000000e+00   1.5222815124e-02  -7.9880529464e-01
2.8160000000e+00   1.5199622349e-02  -7.9819751200e-01
2.8180000000e+00   1.5176495889e-02  -7.9759065827e-01
2.8200000000e+00   1.5153435591e-02  -7.9698473229e-01
2.8220000000e+00   1.5130441275e-02  -7.9637973292e-01
2.8240000000e+00   1.5107512723e-02  -7.9577565907e-01
2.8260000000e+00   1.5084649679e-02  -7.9517250971e-01
2.8280000000e+00   1.5061851831e-02  -7.9457028386e-01
2.8300000000e+00   1.5039118799e-02  -7.9396898060e-01
2.8320000000e+00   1.5016450121e-02  -7.9336859907e-01
2.8340000000e+00   1.4993845238e-02  -7.9276913849e-01
2.8360000000e+00   1.4971303470e-02  -7.9217059813e-01
2.8380000000e+00   1.4948823997e-02  -7.9157297730e-01
2.8400000000e+00   1.4926405838e-02  -7.9097627536e-01
2.8420000000e+00   1.4904047827e-02  -7.9038049171e-01
2.8440000000e+00   1.4881748594e-02  -7.8978562572e-01
2.8460000000e+00   1.4859506539e-02  -7.8919167676e-01
2.8480000000e+00   1.4837319823e-02  -7.8859864411e-01
2.8500000000e+00   1.4815186348e-02  -7.8800652697e-01
2.8520000000e+00   1.4793103762e-02  -7.8741532435e-01
2.8540000000e+00   1.4771069458e-02  -7.8682503507e-01
2.8560000000e+00   1.4749080593e-02  -7.8623565768e-01
2.8580000000e+00   1.4727134121e-02  -7.8564719038e-01
2.8600000000e+00   1.4705226842e-02  -7.8505963099e-01
2.8620000000e+00   1.4683355458e-02  -7.8447297689e-01
2.8640000000e+00   1.4661516657e-02  -7.8388722499e-01
2.8660000000e+00   1.4639707203e-02  -7.8330237169e-01
2.8680000000e+00   1.4617924034e-02  -7.8271841287e-01
2.8700000000e+00   1.4596164367e-02  -7.8213534394e-01
2.8720000000e+00   1.4574425802e-02  -7.8155315987e-01
2.8740000000e+00   1.4552706415e-02  -7.8097185525e-01
2.8760000000e+00   1.4531004830e-02  -7.8039142439e-01
2.8780000000e+00   1.4509320278e-02  -7.7981186145e-01
2.8800000000e+00   1.4487652620e-02  -7.7923316054e-01
2.8820000000e+00   1.4466002343e-02  -7.7865531582e-01
2.8840000000e+00   1.4444370531e-02  -7.7807832170e-01
2.8860000000e+00   1.4422758803e-02  -7.7750217286e-01
2.8880000000e+00   1.4401169234e-02  -7.7692686440e-01
2.8900000000e+00   1.4379604257e-02  -7.7635239187e-01
2.8920000000e+00   1.4358066562e-02  -7.7577875131e-01
2.8940000000e+00   1.4336558992e-02  -7.7520593931e-01
2.8960000000e+00   1.4315084440e-02  -7.7463395294e-01
2.8980000000e+00   1.4293645764e-02  -7.7406278976e-01
2.9000000000e+00   1.4272245709e-02  -7.7349244777e-01
2.9020000000e+00   1.4250886849e-02  -7.7292292535e-01
2.9040000000e+00   1.4229571542e-02  -7.7235422121e-01
2.9060000000e+00   1.4208301902e-02  -7.7178633433e-01
2.9080000000e+00   1.4187079781e-02  -7.7121926389e-01
2.9100000000e+00   1.4165906769e-02  -7.7065300922e-01
2.9120000000e+00   1.4144784196e-02  -7.7008756976e-01
2.9140000000e+00   1.4123713146e-02  -7.6952294500e-01
2.9160000000e+00   1.4102694473e-02  -7.6895913447e-01
2.9180000000e+00   1.4081728826e-02  -7.6839613769e-01
2.9200000000e+00   1.4060816663e-02  -7.6783395414e-01
2.9220000000e+00   1.4039958280e-02  -7.6727258325e-01
2.9240000000e+00   1.4019153831e-02  -7.6671202442e-01
2.9260000000e+00   1.3998403348e-02  -7.6615227696e-01
2.9280000000e+00   1.3977706760e-02  -7.6559334012e-01
2.9300000000e+00   1.3957063912e-02  -7.6503521307e-01
2.9320000000e+00   1.3936474581e-02  -7.6447789490e-01
2.9340000000e+00   1.3915938487e-02  -7.6392138466e-01
2.9360000000e+00   1.3895455306e-02  -7.6336568128e-01
2.9380000000e+00   1.3875024682e-02  -7.6281078368e-01
2.9400000000e+00   1.3854646236e-02  -7.6225669067e-01
2.9420000000e+00   1.3834319569e-02  -7.6170340105e-01
2.9440000000e+00   1.3814044273e-02  -7.6115091352e-01
2.9460000000e+00   1.3793819934e-02  -7.6059922678e-01
2.9480000000e+00   1.3773646134e-02  -7.6004833946e-01
2.9500000000e+00   1.3753522459e-02  -7.5949825015e-01
2.9520000000e+00   1.3733448499e-02  -7.5894895742e-01
2.9540000000e+00   1.3713423848e-02  -7.5840045979e-01
2.9560000000e+00   1.3693448109e-02  -7.5785275578e-01
2.9580000000e+00   1.3673520894e-02  -7.5730584386e-01
2.9600000000e+00   1.3653641825e-02  -7.5675972250e-01
2.9620000000e+00   1.3633810533e-02  -7.5621439013e-01
2.9640000000e+00   1.3614026661e-02  -7.5566984519e-01
2.9660000000e+00   1.3594289860e-02  -7.5512608608e-01
2.9680000000e+00   1.3574599795e-02  -7.5458311121e-01
2.9700000000e+00   1.3554956141e-02  -7.5404091897e-01
2.9720000000e+00   1.3535358581e-02  -7.5349950774e-01
2.9740000000e+00   1.3515806811e-02  -7.5295887591e-01
2.9760000000e+00   1.3496300535e-02  -7.5241902183e-01
2.9780000000e+00   1.3476839468e-02  -7.5187994389e-01
2.9800000000e+00   1.3457423333e-02  -7.5134164045e-01
2.9820000000e+00   1.3438051864e-02  -7.5080410986e-01
2.9840000000e+00   1.3418724800e-02  -7.5026735049e-01
2.9860000000e+00   1.3399441892e-02  -7.4973136071e-01
2.9880000000e+00   1.3380202895e-02  -7.4919613887e-01
2.9900000000e+00   1.3361007575e-02  -7.4866168334e-01
2.9920000000e+00   1.3341855702e-02  -7.4812799248e-01
2.9940000000e+00   1.3322747055e-02  -7.4759506466e-01
2.9960000000e+00   1.3303681417e-02  -7.4706289824e-01
2.9980000000e+00   1.3284658579e-02  -7.4653149160e-01
3.0000000000e+00   1.3265678337e-02  -7.4600084310e-01
# sum response = 2.5182441582e+03
