0.0000000000e+00   8.7656540875e-03  4.6582478363e-01
5.0000000000e-03   9.1092144773e-03  4.7475386696e-01
1.0000000000e-02   9.4736232218e-03  4.8403624468e-01
1.5000000000e-02   9.8606222377e-03  4.9369356244e-01
2.0000000000e-02   1.0272141405e-02  5.0374929210e-01
2.5000000000e-02   1.0710323725e-02  5.1422893062e-01
3.0000000000e-02   1.1177554551e-02  5.2516022602e-01
3.5000000000e-02   1.1676495649e-02  5.3657343451e-01
4.0000000000e-02   1.2210125056e-02  5.4850161422e-01
4.5000000000e-02   1.2781783893e-02  5.6098096169e-01
5.0000000000e-02   1.3395231573e-02  5.7405119868e-01
5.5000000000e-02   1.4054711201e-02  5.8775601851e-01
6.0000000000e-02   1.4765027390e-02  6.0214360289e-01
6.5000000000e-02   1.5531639309e-02  6.1726722295e-01
7.0000000000e-02   1.6360772521e-02  6.3318594098e-01
7.5000000000e-02   1.7259554132e-02  6.4996543353e-01
8.0000000000e-02   1.8236177073e-02  6.6767896150e-01
8.5000000000e-02   1.9300101032e-02  6.8640851925e-01
9.0000000000e-02   2.0462299840e-02  7.0624620315e-01
9.5000000000e-02   2.1735568247e-02  7.2729585107e-01
1.0000000000e-01   2.3134905226e-02  7.4967501856e-01
1.0500000000e-01   2.4677996873e-02  7.7351737698e-01
1.1000000000e-01   2.6385830195e-02  7.9897564472e-01
1.1500000000e-01   2.8283480787e-02  8.2622519798e-01
1.2000000000e-01   3.0401134271e-02  8.5546855647e-01
1.2500000000e-01   3.2775426034e-02  8.8694100765e-01
1.3000000000e-01   3.5451220425e-02  9.2091772939e-01
1.3500000000e-01   3.8484006090e-02  9.5772291037e-01
1.4000000000e-01   4.1943169716e-02  9.9774157056e-01
1.4500000000e-01   4.5916545524e-02  1.0414350874e+00
1.5000000000e-01   5.0516856016e-02  1.0893618946e+00
1.5500000000e-01   5.5891021147e-02  1.1422055352e+00
1.6000000000e-01   6.2233930671e-02  1.2008133958e+00
1.6500000000e-01   6.9809363585e-02  1.2662513104e+00
1.7000000000e-01   7.8982731609e-02  1.3398823748e+00
1.7500000000e-01   9.0274124546e-02  1.4234837951e+00
1.8000000000e-01   1.0444773613e-01  1.5194255065e+00
1.8500000000e-01   1.2266979945e-01  1.6309529656e+00
1.9000000000e-01   1.4680327581e-01  1.7626532608e+00
1.9500000000e-01   1.7999511090e-01  1.9212595184e+00
2.0000000000e-01   2.2794405652e-01  2.1171124061e+00
2.0500000000e-01   3.0192313443e-01  2.3669618176e+00
2.1000000000e-01   4.2694644483e-01  2.6995600026e+00
2.1500000000e-01   6.6765903466e-01  3.1662656839e+00
2.2000000000e-01   1.2278373621e+00  3.8461937671e+00
2.2500000000e-01   2.8618578008e+00  4.5761372892e+00
2.3000000000e-01   5.7322450704e+00  2.1707642929e+00
2.3500000000e-01   3.1184387114e+00  -4.9203501979e-01
2.4000000000e-01   1.5009714643e+00  3.5331644378e-01
2.4500000000e-01   1.0724437351e+00  1.3253279617e+00
2.5000000000e-01   1.0720267322e+00  2.2577198755e+00
2.5500000000e-01   1.3874353448e+00  3.3255666007e+00
2.6000000000e-01   2.2460963038e+00  4.7590713455e+00
2.6500000000e-01   4.6419452090e+00  6.7638649196e+00
2.7000000000e-01   1.1928470890e+01  6.9218426149e+00
2.7500000000e-01   1.4505400211e+01  -5.7899971557e+00
2.8000000000e-01   5.7646364296e+00  -8.1293122191e+00
2.8500000000e-01   2.5451201611e+00  -6.1182354953e+00
2.9000000000e-01   1.3928365536e+00  -4.6503292673e+00
2.9500000000e-01   8.8225618671e-01  -3.6788621381e+00
3.0000000000e-01   6.1940084431e-01  -2.9978617611e+00
3.0500000000e-01   4.7183260501e-01  -2.4873490792e+00
3.1000000000e-01   3.8753531978e-01  -2.0786856447e+00
3.1500000000e-01   3.4545651500e-01  -1.7281823583e+00
3.2000000000e-01   3.4122040125e-01  -1.4023196593e+00
3.2500000000e-01   3.8802348823e-01  -1.0672559485e+00
3.3000000000e-01   5.3937501875e-01  -6.7884518197e-01
3.3500000000e-01   9.9397658847e-01  -2.0000960220e-01
3.4000000000e-01   2.3913645151e+00  -1.4594501570e-01
3.4500000000e-01   2.6874038467e+00  -2.4693645899e+00
3.5000000000e-01   1.0919012394e+00  -2.7325980210e+00
3.5500000000e-01   5.1568567163e-01  -2.2987227529e+00
3.6000000000e-01   3.0321578026e-01  -1.9775494411e+00
3.6500000000e-01   2.0500295638e-01  -1.7531664997e+00
3.7000000000e-01   1.5139525912e-01  -1.5875607657e+00
3.7500000000e-01   1.1852775105e-01  -1.4588405774e+00
3.8000000000e-01   9.6621173347e-02  -1.3547288506e+00
3.8500000000e-01   8.1088757624e-02  -1.2679648200e+00
3.9000000000e-01   6.9545942372e-02  -1.1939956951e+00
3.9500000000e-01   6.0649131377e-02  -1.1298139867e+00
4.0000000000e-01   5.3590829465e-02  -1.0733429050e+00
4.0500000000e-01   4.7859460103e-02  -1.0230937348e+00
4.1000000000e-01   4.3116408174e-02  -9.7796514505e-01
4.1500000000e-01   3.9129125887e-02  -9.3712033501e-01
4.2000000000e-01   3.5732824274e-02  -8.9990884845e-01
4.2500000000e-01   3.2807552394e-02  -8.6581508370e-01
4.3000000000e-01   3.0263954828e-02  -8.3442334426e-01
4.3500000000e-01   2.8034126083e-02  -8.0539347077e-01
4.4000000000e-01   2.6065567586e-02  -7.7844343621e-01
4.4500000000e-01   2.4317095139e-02  -7.5333663834e-01
4.5000000000e-01   2.2756009966e-02  -7.2987242912e-01
4.5500000000e-01   2.1356113313e-02  -7.0787891323e-01
4.6000000000e-01   2.0096303806e-02  -6.8720735481e-01
4.6500000000e-01   1.8959596901e-02  -6.6772772427e-01
4.7000000000e-01   1.7932474688e-02  -6.4932503426e-01
4.7500000000e-01   1.7004531459e-02  -6.3189617609e-01
4.8000000000e-01   1.6168444710e-02  -6.1534697859e-01
4.8500000000e-01   1.5420403204e-02  -5.9958915793e-01
4.9000000000e-01   1.4761331034e-02  -5.8453666457e-01
4.9500000000e-01   1.4199739359e-02  -5.7010055259e-01
5.0000000000e-01   1.3758356236e-02  -5.5618063205e-01
5.0500000000e-01   1.3490664356e-02  -5.4265021311e-01
5.1000000000e-01   1.3527285061e-02  -5.2932625940e-01
5.1500000000e-01   1.4228762169e-02  -5.1591567807e-01
5.2000000000e-01   1.6794536396e-02  -5.0203647121e-01
5.2500000000e-01   2.5597105817e-02  -4.8943300114e-01
5.3000000000e-01   3.5421461506e-02  -4.9587049077e-01
5.3500000000e-01   2.0842350007e-02  -4.9493006594e-01
5.4000000000e-01   1.3997124797e-02  -4.8246342389e-01
5.4500000000e-01   1.1505616043e-02  -4.7079250759e-01
5.5000000000e-01   1.0389296231e-02  -4.6022470637e-01
5.5500000000e-01   9.9357481118e-03  -4.5032552678e-01
5.6000000000e-01   1.0220057344e-02  -4.4077312284e-01
5.6500000000e-01   1.2366350811e-02  -4.3196553433e-01
5.7000000000e-01   1.4664905706e-02  -4.2875734106e-01
5.7500000000e-01   1.0417990013e-02  -4.2349254889e-01
5.8000000000e-01   8.3765105096e-03  -4.1541357380e-01
5.8500000000e-01   7.5109994756e-03  -4.0776027281e-01
5.9000000000e-01   7.0108713299e-03  -4.0059472895e-01
5.9500000000e-01   6.6550736186e-03  -3.9380350101e-01
6.0000000000e-01   6.3705631796e-03  -3.8731316264e-01
6.0500000000e-01   6.1279440338e-03  -3.8107805845e-01
6.1000000000e-01   5.9134838296e-03  -3.7506738589e-01
6.1500000000e-01   5.7200505289e-03  -3.6925845134e-01
6.2000000000e-01   5.5437077763e-03  -3.6363317876e-01
6.2500000000e-01   5.3823074747e-03  -3.5817615003e-01
6.3000000000e-01   5.2349105242e-03  -3.5287334888e-01
6.3500000000e-01   5.1016400681e-03  -3.4771117672e-01
6.4000000000e-01   4.9838781695e-03  -3.4267545001e-01
6.4500000000e-01   4.8849288187e-03  -3.3775007706e-01
6.5000000000e-01   4.8116039092e-03  -3.3291493908e-01
6.5500000000e-01   4.7780475787e-03  -3.2814204188e-01
6.6000000000e-01   4.8158619040e-03  -3.2338796746e-01
6.6500000000e-01   5.0050169379e-03  -3.1857907816e-01
6.7000000000e-01   5.5872239654e-03  -3.1359423071e-01
6.7500000000e-01   7.4483758658e-03  -3.0845532810e-01
6.8000000000e-01   1.2290988222e-02  -3.0649899323e-01
6.8500000000e-01   9.7851444448e-03  -3.0920403052e-01
6.9000000000e-01   6.0553240208e-03  -3.0502985932e-01
6.9500000000e-01   4.7877268363e-03  -3.0029048861e-01
7.0000000000e-01   4.2733704215e-03  -2.9594937399e-01
7.0500000000e-01   4.0327122829e-03  -2.9187833802e-01
7.1000000000e-01   3.9510376472e-03  -2.8795405672e-01
7.1500000000e-01   4.0664651287e-03  -2.8407650509e-01
7.2000000000e-01   4.6866024817e-03  -2.8021424029e-01
7.2500000000e-01   6.5121735372e-03  -2.7754394626e-01
7.3000000000e-01   5.6460549221e-03  -2.7697346879e-01
7.3500000000e-01   4.0732957774e-03  -2.7371062997e-01
7.4000000000e-01   3.5159968336e-03  -2.7020509417e-01
7.4500000000e-01   3.2769104559e-03  -2.6688975658e-01
7.5000000000e-01   3.1586370756e-03  -2.6371138344e-01
7.5500000000e-01   3.1276637758e-03  -2.6062220813e-01
7.6000000000e-01   3.2196556358e-03  -2.5767316294e-01
7.6500000000e-01   3.1650052584e-03  -2.5489704927e-01
7.7000000000e-01   3.1476552316e-03  -2.5191549003e-01
7.7500000000e-01   3.4473246582e-03  -2.4887235418e-01
7.8000000000e-01   4.4868981504e-03  -2.4623713781e-01
7.8500000000e-01   4.5262047119e-03  -2.4523827424e-01
7.9000000000e-01   3.5002522620e-03  -2.4262112378e-01
7.9500000000e-01   3.2725504194e-03  -2.3952661310e-01
8.0000000000e-01   3.4865728251e-03  -2.3634814555e-01
8.0500000000e-01   4.3480170691e-03  -2.3293863761e-01
8.1000000000e-01   7.1735983820e-03  -2.2964969027e-01
8.1500000000e-01   1.1589116528e-02  -2.3222248297e-01
8.2000000000e-01   6.8234344982e-03  -2.3417436293e-01
8.2500000000e-01   4.2106973644e-03  -2.3085945780e-01
8.3000000000e-01   3.4867203335e-03  -2.2753593253e-01
8.3500000000e-01   3.6295119217e-03  -2.2442917862e-01
8.4000000000e-01   5.0644833431e-03  -2.2192439732e-01
8.4500000000e-01   5.6777789885e-03  -2.2245770823e-01
8.5000000000e-01   3.8606901814e-03  -2.2088420103e-01
8.5500000000e-01   3.1967032989e-03  -2.1886457262e-01
8.6000000000e-01   2.5161568140e-03  -2.1667532628e-01
8.6500000000e-01   2.2086937183e-03  -2.1444864483e-01
8.7000000000e-01   2.0524132308e-03  -2.1235751735e-01
8.7500000000e-01   1.9533645792e-03  -2.1037083831e-01
8.8000000000e-01   1.8812037958e-03  -2.0846179350e-01
8.8500000000e-01   1.8238574946e-03  -2.0661407336e-01
8.9000000000e-01   1.7756531747e-03  -2.0481742011e-01
8.9500000000e-01   1.7335957397e-03  -2.0306495670e-01
9.0000000000e-01   1.6959689442e-03  -2.0135178027e-01
9.0500000000e-01   1.6617349265e-03  -1.9967419343e-01
9.1000000000e-01   1.6302517769e-03  -1.9802925590e-01
9.1500000000e-01   1.6011358422e-03  -1.9641450088e-01
9.2000000000e-01   1.5742019791e-03  -1.9482773323e-01
9.2500000000e-01   1.5494612684e-03  -1.9326685713e-01
9.3000000000e-01   1.5271894655e-03  -1.9172968571e-01
9.3500000000e-01   1.5081358187e-03  -1.9021366664e-01
9.4000000000e-01   1.4941035060e-03  -1.8871540039e-01
9.4500000000e-01   1.4897311508e-03  -1.8722973377e-01
9.5000000000e-01   1.5089886165e-03  -1.8574863798e-01
9.5500000000e-01   1.6028063271e-03  -1.8427114203e-01
9.6000000000e-01   1.8807404819e-03  -1.8298092257e-01
9.6500000000e-01   1.7426398699e-03  -1.8201756163e-01
9.7000000000e-01   1.4965920143e-03  -1.8064367230e-01
9.7500000000e-01   1.4074546542e-03  -1.7923647085e-01
9.8000000000e-01   1.3683258687e-03  -1.7786154589e-01
9.8500000000e-01   1.3489383382e-03  -1.7650918372e-01
9.9000000000e-01   1.3422941585e-03  -1.7516879065e-01
9.9500000000e-01   1.3492620785e-03  -1.7382982397e-01
# sum response = 7.8055200301e+01
