0.0000000000e+00   6.7175395437e-03  4.4998898328e-01
5.0000000000e-03   6.9328818657e-03  4.5680983516e-01
1.0000000000e-02   7.1590358954e-03  4.6385113645e-01
1.5000000000e-02   7.3967493425e-03  4.7112404643e-01
2.0000000000e-02   7.6468363146e-03  4.7864050245e-01
2.5000000000e-02   7.9101845629e-03  4.8641328955e-01
3.0000000000e-02   8.1877636712e-03  4.9445611783e-01
3.5000000000e-02   8.4806343311e-03  5.0278370842e-01
4.0000000000e-02   8.7899588729e-03  5.1141188925e-01
4.5000000000e-02   9.1170132484e-03  5.2035770208e-01
5.0000000000e-02   9.4632007024e-03  5.2963952217e-01
5.5000000000e-02   9.8300674084e-03  5.3927719253e-01
6.0000000000e-02   1.0219320401e-02  5.4929217474e-01
6.5000000000e-02   1.0632848197e-02  5.5970771894e-01
7.0000000000e-02   1.1072744583e-02  5.7054905575e-01
7.5000000000e-02   1.1541336124e-02  5.8184361365e-01
8.0000000000e-02   1.2041214101e-02  5.9362126566e-01
8.5000000000e-02   1.2575271686e-02  6.0591461030e-01
9.0000000000e-02   1.3146747375e-02  6.1875929233e-01
9.5000000000e-02   1.3759275920e-02  6.3219437010e-01
1.0000000000e-01   1.4416948267e-02  6.4626273771e-01
1.0500000000e-01   1.5124382384e-02  6.6101161153e-01
1.1000000000e-01   1.5886807290e-02  6.7649309324e-01
1.1500000000e-01   1.6710163201e-02  6.9276482350e-01
1.2000000000e-01   1.7601221406e-02  7.0989074393e-01
1.2500000000e-01   1.8567728468e-02  7.2794198905e-01
1.3000000000e-01   1.9618580579e-02  7.4699793469e-01
1.3500000000e-01   2.0764035474e-02  7.6714743603e-01
1.4000000000e-01   2.2015971504e-02  7.8849029665e-01
1.4500000000e-01   2.3388206238e-02  8.1113902044e-01
1.5000000000e-01   2.4896890804e-02  8.3522091229e-01
1.5500000000e-01   2.6561001284e-02  8.6088061142e-01
1.6000000000e-01   2.8402955499e-02  8.8828316506e-01
1.6500000000e-01   3.0449393183e-02  9.1761778233e-01
1.7000000000e-01   3.2732171013e-02  9.4910245044e-01
1.7500000000e-01   3.5289642944e-02  9.8298965425e-01
1.8000000000e-01   3.8168323454e-02  1.0195735193e+00
1.8500000000e-01   4.1425070488e-02  1.0591988103e+00
1.9000000000e-01   4.5129982511e-02  1.1022723720e+00
1.9500000000e-01   4.9370289871e-02  1.1492778233e+00
2.0000000000e-01   5.4255650730e-02  1.2007946369e+00
2.0500000000e-01   5.9925462589e-02  1.2575232083e+00
2.1000000000e-01   6.6559116467e-02  1.3203182282e+00
2.1500000000e-01   7.4390629468e-02  1.3902337455e+00
2.2000000000e-01   8.3729929874e-02  1.4685849822e+00
2.2500000000e-01   9.4994488296e-02  1.5570346188e+00
2.3000000000e-01   1.0875746347e-01  1.6577155975e+00
2.3500000000e-01   1.2582299303e-01  1.7734097274e+00
2.4000000000e-01   1.4734760937e-01  1.9078138687e+00
2.4500000000e-01   1.7504306669e-01  2.0659477277e+00
2.5000000000e-01   2.1152930203e-01  2.2547984982e+00
2.5500000000e-01   2.6097881263e-01  2.4843770067e+00
2.6000000000e-01   3.3036199307e-01  2.7695201403e+00
2.6500000000e-01   4.3202518001e-01  3.1331124211e+00
2.7000000000e-01   5.8949818845e-01  3.6121433818e+00
2.7500000000e-01   8.5203915582e-01  4.2696710006e+00
2.8000000000e-01   1.3363400017e+00  5.2189310766e+00
2.8500000000e-01   2.3686218305e+00  6.6638982118e+00
2.9000000000e-01   5.0686705247e+00  8.8179608980e+00
2.9500000000e-01   1.3170511793e+01  9.1350898785e+00
3.0000000000e-01   1.6793418496e+01  -4.7939872305e+00
3.0500000000e-01   7.5338306795e+00  -8.4203913553e+00
3.1000000000e-01   3.2872086109e+00  -6.6297417569e+00
3.1500000000e-01   1.7192684634e+00  -4.9046130005e+00
3.2000000000e-01   1.0592242685e+00  -3.7473923443e+00
3.2500000000e-01   7.3293583418e-01  -2.9440406278e+00
3.3000000000e-01   5.5792790595e-01  -2.3448307013e+00
3.3500000000e-01   4.6783549937e-01  -1.8616164431e+00
3.4000000000e-01   4.4295177312e-01  -1.4350338094e+00
3.4500000000e-01   5.0103121461e-01  -1.0132921955e+00
3.5000000000e-01   7.4504645146e-01  -5.4558853195e-01
3.5500000000e-01   1.5782933460e+00  -1.7809985764e-01
3.6000000000e-01   2.5661974712e+00  -1.5795616753e+00
3.6500000000e-01   1.2039077617e+00  -2.3407636477e+00
3.7000000000e-01   5.5879815610e-01  -1.9451980258e+00
3.7500000000e-01   3.3552820856e-01  -1.6020531544e+00
3.8000000000e-01   2.4079518662e-01  -1.3472284752e+00
3.8500000000e-01   1.9657580553e-01  -1.1436274361e+00
3.9000000000e-01   1.8029981475e-01  -9.6562522320e-01
3.9500000000e-01   1.8963863462e-01  -7.9382903083e-01
4.0000000000e-01   2.4256132061e-01  -6.0828163313e-01
4.0500000000e-01   4.1682137704e-01  -3.9619588771e-01
4.1000000000e-01   9.4489779111e-01  -3.9084749596e-01
4.1500000000e-01   9.3035244750e-01  -1.1903618247e+00
4.2000000000e-01   3.9321193861e-01  -1.1903692733e+00
4.2500000000e-01   2.0619810363e-01  -1.0051706137e+00
4.3000000000e-01   1.3572086085e-01  -8.6260784689e-01
4.3500000000e-01   1.0275094202e-01  -7.5325905997e-01
4.4000000000e-01   8.4893554580e-02  -6.6378014447e-01
4.4500000000e-01   7.4358391708e-02  -5.8641715423e-01
4.5000000000e-01   6.7938650610e-02  -5.1662478092e-01
4.5500000000e-01   6.4154837229e-02  -4.5150177555e-01
4.6000000000e-01   6.2285403605e-02  -3.8899552147e-01
4.6500000000e-01   6.1992992633e-02  -3.2748207196e-01
4.7000000000e-01   6.3170839872e-02  -2.6551871519e-01
4.7500000000e-01   6.5885050193e-02  -2.0167111542e-01
4.8000000000e-01   7.0370032430e-02  -1.3436177857e-01
4.8500000000e-01   7.7067472738e-02  -6.1701805345e-02
4.9000000000e-01   8.6720314621e-02  1.8734197262e-02
4.9500000000e-01   1.0055949176e-01  1.1024895316e-01
5.0000000000e-01   1.2067289709e-01  2.1758330604e-01
5.0500000000e-01   1.5077035048e-01  3.4790049312e-01
5.1000000000e-01   1.9789498668e-01  5.1261756880e-01
5.1500000000e-01   2.7665851618e-01  7.3099994975e-01
5.2000000000e-01   4.2118363397e-01  1.0374193378e+00
5.2500000000e-01   7.2491503586e-01  1.4942542689e+00
5.3000000000e-01   1.5012775379e+00  2.1802869432e+00
5.3500000000e-01   3.8673377529e+00  2.5424960754e+00
5.4000000000e-01   5.8740147356e+00  -1.7470183687e+00
5.4500000000e-01   2.4754170826e+00  -3.4226740586e+00
5.5000000000e-01   1.0496301574e+00  -2.6927545893e+00
5.5500000000e-01   5.5569562300e-01  -2.1167547884e+00
5.6000000000e-01   3.4284487769e-01  -1.7391344229e+00
5.6500000000e-01   2.3454848197e-01  -1.4793985399e+00
5.7000000000e-01   1.7298308272e-01  -1.2894874159e+00
5.7500000000e-01   1.3542955002e-01  -1.1428176871e+00
5.8000000000e-01   1.1175190849e-01  -1.0238393291e+00
5.8500000000e-01   9.7148349882e-02  -9.2264182517e-01
5.9000000000e-01   8.9575584968e-02  -8.3211421026e-01
5.9500000000e-01   8.9062964645e-02  -7.4616952476e-01
6.0000000000e-01   9.8588723975e-02  -6.5820937192e-01
6.0500000000e-01   1.2877329416e-01  -5.5978968350e-01
6.1000000000e-01   2.1521960377e-01  -4.5030119931e-01
6.1500000000e-01   3.8332433167e-01  -3.9302520033e-01
6.2000000000e-01   7.3125830025e-01  -4.7521625528e-01
6.2500000000e-01   6.2096113422e-01  -1.0457475842e+00
6.3000000000e-01   2.5577997484e-01  -1.0199765246e+00
6.3500000000e-01   1.3203780180e-01  -8.9897280887e-01
6.4000000000e-01   8.5438308974e-02  -8.0935933466e-01
6.4500000000e-01   6.5458643129e-02  -7.4162448453e-01
6.5000000000e-01   5.9905580808e-02  -6.8531533761e-01
6.5500000000e-01   7.3410762320e-02  -6.3614313219e-01
6.6000000000e-01   1.1725271141e-01  -6.3112661005e-01
6.6500000000e-01   8.0947854954e-02  -6.6281024689e-01
6.7000000000e-01   4.5025936776e-02  -6.3170517168e-01
6.7500000000e-01   3.2063839930e-02  -5.9932305148e-01
6.8000000000e-01   2.6375776388e-02  -5.7210547497e-01
6.8500000000e-01   2.3976889306e-02  -5.4883648020e-01
6.9000000000e-01   2.2065829552e-02  -5.2975119802e-01
6.9500000000e-01   1.9464845898e-02  -5.1085520602e-01
7.0000000000e-01   1.8166684639e-02  -4.9253865391e-01
7.0500000000e-01   1.7689513195e-02  -4.7493483468e-01
7.1000000000e-01   1.8047728724e-02  -4.5750559629e-01
7.1500000000e-01   1.9846643531e-02  -4.3949412542e-01
7.2000000000e-01   2.5219606793e-02  -4.1983872169e-01
7.2500000000e-01   4.2224214970e-02  -3.9953730644e-01
7.3000000000e-01   7.8587825171e-02  -4.1195120236e-01
7.3500000000e-01   5.0513293174e-02  -4.4170541818e-01
7.4000000000e-01   2.7162946332e-02  -4.2424650247e-01
7.4500000000e-01   1.9688258913e-02  -4.0497460403e-01
7.5000000000e-01   1.7114329279e-02  -3.8786495249e-01
7.5500000000e-01   1.6583127955e-02  -3.7169218660e-01
7.6000000000e-01   1.7515258575e-02  -3.5529885050e-01
7.6500000000e-01   2.0347371440e-02  -3.3746221231e-01
7.7000000000e-01   2.6979629170e-02  -3.1646823748e-01
7.7500000000e-01   4.3757102201e-02  -2.8991616668e-01
7.8000000000e-01   9.4811226239e-02  -2.6433512428e-01
7.8500000000e-01   1.7337041109e-01  -3.4136899557e-01
7.9000000000e-01   9.0675666710e-02  -4.0555694572e-01
7.9500000000e-01   4.7812807719e-02  -3.7664651424e-01
8.0000000000e-01   4.3622829124e-02  -3.5166214142e-01
8.0500000000e-01   4.0107755845e-02  -3.5067767426e-01
8.1000000000e-01   2.5187340535e-02  -3.3616128689e-01
8.1500000000e-01   2.0337468820e-02  -3.1709763378e-01
8.2000000000e-01   2.0323233231e-02  -2.9853323202e-01
8.2500000000e-01   2.4899884213e-02  -2.7906120047e-01
8.3000000000e-01   4.0483424174e-02  -2.6053370016e-01
8.3500000000e-01   5.8291430250e-02  -2.6918607187e-01
8.4000000000e-01   4.2374083223e-02  -2.6118561004e-01
8.4500000000e-01   4.5307546147e-02  -2.2947626248e-01
8.5000000000e-01   7.4126093167e-02  -1.8845450740e-01
8.5500000000e-01   1.7046907424e-01  -1.5695886454e-01
8.6000000000e-01   2.7921398857e-01  -3.2123195048e-01
8.6500000000e-01   1.3305416985e-01  -4.0348272077e-01
8.7000000000e-01   7.5198807729e-02  -3.5993983858e-01
8.7500000000e-01   7.4397374754e-02  -3.4174583243e-01
8.8000000000e-01   4.7985360468e-02  -3.4106240686e-01
8.8500000000e-01   3.1533534332e-02  -3.1619589570e-01
8.9000000000e-01   3.0372642922e-02  -2.9138592534e-01
8.9500000000e-01   4.5606111082e-02  -2.6923252299e-01
9.0000000000e-01   8.1291800764e-02  -2.8536838983e-01
9.0500000000e-01   4.9054032312e-02  -3.1639625742e-01
9.1000000000e-01   2.4731519731e-02  -3.0060856749e-01
9.1500000000e-01   1.6480690133e-02  -2.8414714454e-01
9.2000000000e-01   1.3091185542e-02  -2.7059787658e-01
9.2500000000e-01   1.1504474836e-02  -2.5881414009e-01
9.3000000000e-01   1.0795088418e-02  -2.4795013722e-01
9.3500000000e-01   1.0658114340e-02  -2.3744435278e-01
9.4000000000e-01   1.1056960020e-02  -2.2684421243e-01
9.4500000000e-01   1.2213962038e-02  -2.1571068374e-01
9.5000000000e-01   1.4557044142e-02  -2.0375669293e-01
9.5500000000e-01   1.9053906257e-02  -1.8956165341e-01
9.6000000000e-01   3.1920747232e-02  -1.7259430867e-01
9.6500000000e-01   6.6644033398e-02  -1.7183579351e-01
9.7000000000e-01   5.8110203582e-02  -2.1064063261e-01
9.7500000000e-01   3.2248290010e-02  -1.9808786072e-01
9.8000000000e-01   2.8947755829e-02  -1.7724517560e-01
9.8500000000e-01   3.5317045066e-02  -1.6681038449e-01
9.9000000000e-01   2.8326861127e-02  -1.5602061020e-01
9.9500000000e-01   2.6470984001e-02  -1.3351471647e-01
# sum response = 9.5960792728e+01
