0.0000000000e+00   1.1214824457e+01  2.5146192452e+01
5.0000000000e-03   2.6383017982e+01  2.2764195762e+01
1.0000000000e-02   2.2681211583e+01  4.0135125199e+00
1.5000000000e-02   1.2217450654e+01  7.7165304185e+00
2.0000000000e-02   1.1404507152e+01  1.6072226723e+01
2.5000000000e-02   1.7456127732e+01  2.6284318293e+01
3.0000000000e-02   3.9038481023e+01  3.7137364507e+01
3.5000000000e-02   8.5002159113e+01  5.9162407289e+00
4.0000000000e-02   4.8842532885e+01  -4.6009302102e+01
4.5000000000e-02   1.9335561612e+01  -3.8578170429e+01
5.0000000000e-02   9.5705530410e+00  -2.9221141197e+01
5.5000000000e-02   5.6248946207e+00  -2.3067131546e+01
6.0000000000e-02   3.6929777872e+00  -1.8951501895e+01
6.5000000000e-02   2.6120473223e+00  -1.6045631306e+01
7.0000000000e-02   1.9477895466e+00  -1.3893186664e+01
7.5000000000e-02   1.5106444942e+00  -1.2236360330e+01
8.0000000000e-02   1.2076537845e+00  -1.0921355610e+01
8.5000000000e-02   9.8898970586e-01  -9.8514937922e+00
9.0000000000e-02   8.2601536827e-01  -8.9631773708e+00
9.5000000000e-02   7.0132691341e-01  -8.2129237368e+00
1.0000000000e-01   6.0385338618e-01  -7.5700101010e+00
1.0500000000e-01   5.2628081309e-01  -7.0121077613e+00
1.1000000000e-01   4.6362176935e-01  -6.5225849697e+00
1.1500000000e-01   4.1238357279e-01  -6.0887809224e+00
1.2000000000e-01   3.7006531373e-01  -5.7008661347e+00
1.2500000000e-01   3.3484349254e-01  -5.3510684336e+00
1.3000000000e-01   3.0537006012e-01  -5.0331332695e+00
1.3500000000e-01   2.8063986027e-01  -4.7419376207e+00
1.4000000000e-01   2.5990246363e-01  -4.4732062225e+00
1.4500000000e-01   2.4260355807e-01  -4.2232964039e+00
1.5000000000e-01   2.2834710795e-01  -3.9890283669e+00
1.5500000000e-01   2.1687336427e-01  -3.7675439499e+00
1.6000000000e-01   2.0805063056e-01  -3.5561801604e+00
1.6500000000e-01   2.0188126687e-01  -3.3523446294e+00
1.7000000000e-01   1.9852555104e-01  -3.1533785362e+00
1.7500000000e-01   1.9835191491e-01  -2.9563876274e+00
1.8000000000e-01   2.0203105900e-01  -2.7580115188e+00
1.8500000000e-01   2.1070968248e-01  -2.5540807815e+00
1.9000000000e-01   2.2633955830e-01  -2.3390700122e+00
1.9500000000e-01   2.5233235379e-01  -2.1051699171e+00
2.0000000000e-01   2.9495467783e-01  -1.8406184690e+00
2.0500000000e-01   3.6657434450e-01  -1.5265244125e+00
2.1000000000e-01   4.9411850046e-01  -1.1305243814e+00
2.1500000000e-01   7.4456353036e-01  -5.9417931175e-01
2.2000000000e-01   1.3171656843e+00  1.8338897647e-01
2.2500000000e-01   2.9353254733e+00  1.2123877230e+00
2.3000000000e-01   7.2559493630e+00  -6.5860137788e-02
2.3500000000e-01   5.7208755541e+00  -6.1780109115e+00
2.4000000000e-01   2.2265921451e+00  -5.9927676284e+00
2.4500000000e-01   1.0667822974e+00  -5.0182400616e+00
2.5000000000e-01   6.2341535669e-01  -4.3480290698e+00
2.5500000000e-01   4.1501904430e-01  -3.8909105129e+00
2.6000000000e-01   3.0156901832e-01  -3.5596803013e+00
2.6500000000e-01   2.3306803697e-01  -3.3059370286e+00
2.7000000000e-01   1.8845264923e-01  -3.1027159156e+00
2.7500000000e-01   1.5768249792e-01  -2.9341725740e+00
2.8000000000e-01   1.3550330927e-01  -2.7904677036e+00
2.8500000000e-01   1.1896175395e-01  -2.6651776001e+00
2.9000000000e-01   1.0630664900e-01  -2.5539143835e+00
2.9500000000e-01   9.6464134647e-02  -2.4535478243e+00
3.0000000000e-01   8.8777013453e-02  -2.3617374063e+00
3.0500000000e-01   8.2885504594e-02  -2.2766239398e+00
3.1000000000e-01   7.8716640272e-02  -2.1965895697e+00
3.1500000000e-01   7.6642370216e-02  -2.1200106914e+00
3.2000000000e-01   7.8133004634e-02  -2.0449369869e+00
3.2500000000e-01   8.8453980241e-02  -1.9691037718e+00
3.3000000000e-01   1.2719049440e-01  -1.8994657530e+00
3.3500000000e-01   1.7402076361e-01  -1.9162834970e+00
3.4000000000e-01   1.0751522644e-01  -1.9039096499e+00
3.4500000000e-01   7.6015579303e-02  -1.8360205547e+00
3.5000000000e-01   6.5931410003e-02  -1.7706619912e+00
3.5500000000e-01   6.4048432403e-02  -1.7085601335e+00
3.6000000000e-01   6.9388881507e-02  -1.6461019307e+00
3.6500000000e-01   9.0517857983e-02  -1.5800852859e+00
3.7000000000e-01   1.6069104733e-01  -1.5304967669e+00
3.7500000000e-01   1.9988109299e-01  -1.6175105177e+00
3.8000000000e-01   1.0432445395e-01  -1.6110310092e+00
3.8500000000e-01   6.6701762288e-02  -1.5507752243e+00
3.9000000000e-01   5.2836160931e-02  -1.4967875394e+00
3.9500000000e-01   4.6322437925e-02  -1.4491129481e+00
4.0000000000e-01   4.2655174743e-02  -1.4054301837e+00
4.0500000000e-01   4.0325050770e-02  -1.3643477653e+00
4.1000000000e-01   3.8724948861e-02  -1.3250593928e+00
4.1500000000e-01   3.7575425805e-02  -1.2870632990e+00
4.2000000000e-01   3.6735795900e-02  -1.2500194300e+00
4.2500000000e-01   3.6134375067e-02  -1.2136765656e+00
4.3000000000e-01   3.5748377273e-02  -1.1778334877e+00
4.3500000000e-01   3.5635877323e-02  -1.1423445527e+00
4.4000000000e-01   3.5840544199e-02  -1.1074261859e+00
4.4500000000e-01   3.5510446540e-02  -1.0727251457e+00
4.5000000000e-01   3.5379306317e-02  -1.0375329276e+00
4.5500000000e-01   3.5525013745e-02  -1.0021724585e+00
4.6000000000e-01   3.5844743311e-02  -9.6655394579e-01
4.6500000000e-01   3.6316636320e-02  -9.3053639040e-01
4.7000000000e-01   3.6942133378e-02  -8.9397287152e-01
4.7500000000e-01   3.7731666003e-02  -8.5670743907e-01
4.8000000000e-01   3.8701424460e-02  -8.1857020377e-01
4.8500000000e-01   3.9872915273e-02  -7.7937248592e-01
4.9000000000e-01   4.1273521597e-02  -7.3890152534e-01
4.9500000000e-01   4.2937661484e-02  -6.9691425891e-01
5.0000000000e-01   4.4908513596e-02  -6.5312967968e-01
5.0500000000e-01   4.7240436923e-02  -6.0721920152e-01
5.1000000000e-01   5.0002335360e-02  -5.5879426646e-01
5.1500000000e-01   5.3282377847e-02  -5.0739012747e-01
5.2000000000e-01   5.7194739436e-02  -4.5244425926e-01
5.2500000000e-01   6.1889482706e-02  -3.9326708114e-01
5.3000000000e-01   6.7567600005e-02  -3.2900140581e-01
5.3500000000e-01   7.4505296032e-02  -2.5856484116e-01
5.4000000000e-01   8.3097289729e-02  -1.8056557755e-01
5.4500000000e-01   9.3948944990e-02  -9.3177217369e-02
5.5000000000e-01   1.0813603472e-01  6.0160922096e-03
5.5500000000e-01   1.2804822631e-01  1.1958882903e-01
5.6000000000e-01   1.5373290743e-01  2.4629582814e-01
5.6500000000e-01   1.7955199336e-01  4.0031908123e-01
5.7000000000e-01   2.1964838962e-01  5.9211281221e-01
5.7500000000e-01   2.8007532260e-01  8.3140084257e-01
5.8000000000e-01   3.7303926263e-01  1.1398313723e+00
5.8500000000e-01   5.2500654498e-01  1.5540542965e+00
5.9000000000e-01   7.9664746686e-01  2.1388918525e+00
5.9500000000e-01   1.3485324817e+00  3.0126827964e+00
6.0000000000e-01   2.6974649296e+00  4.3530537493e+00
6.0500000000e-01   6.7593662676e+00  5.6272940711e+00
6.1000000000e-01   1.3089952917e+01  -1.2897651275e+00
6.1500000000e-01   6.3655045012e+00  -7.4177630576e+00
6.2000000000e-01   2.5729481339e+00  -6.0472683086e+00
6.2500000000e-01   1.3040060171e+00  -4.7361690403e+00
6.3000000000e-01   7.7878958985e-01  -3.8812020631e+00
6.3500000000e-01   5.1866207167e-01  -3.3047382946e+00
6.4000000000e-01   3.7304765077e-01  -2.8923508228e+00
6.4500000000e-01   2.8450322187e-01  -2.5811982954e+00
6.5000000000e-01   2.2774758328e-01  -2.3353856306e+00
6.5500000000e-01   1.9060972393e-01  -2.1330591895e+00
6.6000000000e-01   1.6671159555e-01  -1.9603122454e+00
6.6500000000e-01   1.5234126567e-01  -1.8057803249e+00
6.7000000000e-01   1.4823363785e-01  -1.6602798525e+00
6.7500000000e-01   1.5746645225e-01  -1.5147151346e+00
6.8000000000e-01   1.9103587317e-01  -1.3564492223e+00
6.8500000000e-01   2.8603366187e-01  -1.1678502120e+00
6.9000000000e-01   5.8231024276e-01  -9.7013376552e-01
6.9500000000e-01   1.1817284772e+00  -1.3493298674e+00
7.0000000000e-01   6.8752699419e-01  -1.9467985242e+00
7.0500000000e-01   3.1331115942e-01  -1.7821187740e+00
7.1000000000e-01   1.9400499529e-01  -1.5946465936e+00
7.1500000000e-01   1.5423402717e-01  -1.4422460035e+00
7.2000000000e-01   1.5206662512e-01  -1.3045467839e+00
7.2500000000e-01   1.9393571739e-01  -1.1670804330e+00
7.3000000000e-01   3.1721817147e-01  -1.0856148862e+00
7.3500000000e-01   3.2088070244e-01  -1.0795798562e+00
7.4000000000e-01   3.8196129257e-01  -8.8099083833e-01
7.4500000000e-01   7.8190916057e-01  -6.7371511764e-01
7.5000000000e-01   1.4717528685e+00  -1.3122762674e+00
7.5500000000e-01   7.8786642554e-01  -1.9912342656e+00
7.6000000000e-01   3.4440860269e-01  -1.8076430834e+00
7.6500000000e-01   1.9966623625e-01  -1.6124218859e+00
7.7000000000e-01   1.4747506229e-01  -1.4636078447e+00
7.7500000000e-01   1.3611767653e-01  -1.3367567359e+00
7.8000000000e-01   1.6306989040e-01  -1.2103166038e+00
7.8500000000e-01   2.7606069033e-01  -1.0731955282e+00
7.9000000000e-01   6.1858170103e-01  -1.0952838260e+00
7.9500000000e-01   5.5668727677e-01  -1.5936604258e+00
8.0000000000e-01   2.3426989688e-01  -1.5727553681e+00
8.0500000000e-01   1.2419291697e-01  -1.4590698530e+00
8.1000000000e-01   8.2509029770e-02  -1.3725142683e+00
8.1500000000e-01   6.3544111230e-02  -1.3056597609e+00
8.2000000000e-01   5.4583685878e-02  -1.2497952304e+00
8.2500000000e-01   5.2167498618e-02  -1.1992807159e+00
8.3000000000e-01   5.8155298136e-02  -1.1501100143e+00
8.3500000000e-01   8.4641088344e-02  -1.1063310355e+00
8.4000000000e-01   1.0873247659e-01  -1.1123428182e+00
8.4500000000e-01   8.3467415683e-02  -1.0826258026e+00
8.5000000000e-01   1.0012351566e-01  -1.0188946313e+00
8.5500000000e-01   1.9382578347e-01  -9.6344152862e-01
8.6000000000e-01   3.2095587620e-01  -1.1123094674e+00
8.6500000000e-01   1.6172307640e-01  -1.2027918017e+00
8.7000000000e-01   8.4797475201e-02  -1.1424344708e+00
8.7500000000e-01   6.3986910435e-02  -1.0833486108e+00
8.8000000000e-01   6.7919357799e-02  -1.0284591946e+00
8.8500000000e-01   1.0681784433e-01  -9.7331277132e-01
8.9000000000e-01   2.2377835076e-01  -9.8668470834e-01
8.9500000000e-01   1.7865652578e-01  -1.1378855866e+00
9.0000000000e-01   7.9421925517e-02  -1.1150076842e+00
9.0500000000e-01   4.5918008496e-02  -1.0712999681e+00
9.1000000000e-01   3.2796482064e-02  -1.0369636677e+00
9.1500000000e-01   2.6535074081e-02  -1.0091503797e+00
9.2000000000e-01   2.3206403285e-02  -9.8515734816e-01
9.2500000000e-01   2.1450279151e-02  -9.6335887673e-01
9.3000000000e-01   2.0789725065e-02  -9.4267180727e-01
9.3500000000e-01   2.1201664772e-02  -9.2219008109e-01
9.4000000000e-01   2.3146922161e-02  -9.0089888786e-01
9.4500000000e-01   2.8164019884e-02  -8.7734149743e-01
9.5000000000e-01   4.1427265252e-02  -8.4952710940e-01
9.5500000000e-01   8.2182609359e-02  -8.2281117414e-01
9.6000000000e-01   1.4460404481e-01  -8.7776357762e-01
9.6500000000e-01   7.8859065763e-02  -9.2420844489e-01
9.7000000000e-01   4.1881215743e-02  -8.9551273175e-01
9.7500000000e-01   3.1218599770e-02  -8.6588252531e-01
9.8000000000e-01   3.0104630268e-02  -8.3845237865e-01
9.8500000000e-01   3.6810582742e-02  -8.0962467000e-01
9.9000000000e-01   6.0704510430e-02  -7.7689339042e-01
9.9500000000e-01   1.3394659139e-01  -7.7031931013e-01
# sum response = 4.1008199522e+02
