0.0000000000e+00   3.4871011704e-02  4.6333619581e-01
5.0000000000e-03   3.6229639368e-02  4.7211647381e-01
1.0000000000e-02   3.7670020106e-02  4.8123781754e-01
1.5000000000e-02   3.9198908210e-02  4.9072057741e-01
2.0000000000e-02   4.0823776397e-02  5.0058676016e-01
2.5000000000e-02   4.2552910270e-02  5.1086020105e-01
3.0000000000e-02   4.4395517712e-02  5.2156675793e-01
3.5000000000e-02   4.6361855985e-02  5.3273453057e-01
4.0000000000e-02   4.8463379917e-02  5.4439410908e-01
4.5000000000e-02   5.0712915298e-02  5.5657885598e-01
5.0000000000e-02   5.3124862547e-02  5.6932522740e-01
5.5000000000e-02   5.5715436898e-02  5.8267313981e-01
6.0000000000e-02   5.8502952833e-02  5.9666638987e-01
6.5000000000e-02   6.1508162417e-02  6.1135313657e-01
7.0000000000e-02   6.4754659620e-02  6.2678645644e-01
7.5000000000e-02   6.8269365882e-02  6.4302498508e-01
8.0000000000e-02   7.2083116283e-02  6.6013366054e-01
8.5000000000e-02   7.6231371065e-02  6.7818458770e-01
9.0000000000e-02   8.0755084350e-02  6.9725804640e-01
9.5000000000e-02   8.5701771368e-02  7.1744367131e-01
1.0000000000e-01   9.1126828183e-02  7.3884183709e-01
1.0500000000e-01   9.7095175085e-02  7.6156528970e-01
1.1000000000e-01   1.0368331830e-01  7.8574107331e-01
1.1500000000e-01   1.1098195706e-01  8.1151281232e-01
1.2000000000e-01   1.1909930821e-01  8.3904341957e-01
1.2500000000e-01   1.2816538434e-01  8.6851831449e-01
1.3000000000e-01   1.3833755193e-01  9.0014924717e-01
1.3500000000e-01   1.4980782715e-01  9.3417883332e-01
1.4000000000e-01   1.6281255757e-01  9.7088590408e-01
1.4500000000e-01   1.7764542001e-01  1.0105917513e+00
1.5000000000e-01   1.9467508559e-01  1.0536672749e+00
1.5500000000e-01   2.1436953811e-01  1.1005408647e+00
1.6000000000e-01   2.3732999892e-01  1.1517064630e+00
1.6500000000e-01   2.6433889131e-01  1.2077304466e+00
1.7000000000e-01   2.9642853677e-01  1.2692542959e+00
1.7500000000e-01   3.3498067247e-01  1.3369865757e+00
1.8000000000e-01   3.8187175584e-01  1.4116706469e+00
1.8500000000e-01   4.3968520568e-01  1.4939998104e+00
1.9000000000e-01   5.1201667068e-01  1.5844210827e+00
1.9500000000e-01   6.0389103933e-01  1.6827065156e+00
2.0000000000e-01   7.2225160867e-01  1.7870500507e+00
2.0500000000e-01   8.7625372479e-01  1.8922470604e+00
2.1000000000e-01   1.0763860892e+00  1.9863453951e+00
2.1500000000e-01   1.3297272826e+00  2.0458275156e+00
2.2000000000e-01   1.6265822007e+00  2.0337459004e+00
2.2500000000e-01   1.9197967576e+00  1.9163322883e+00
2.3000000000e-01   2.1292326864e+00  1.7112568599e+00
2.3500000000e-01   2.2141046743e+00  1.5132732981e+00
2.4000000000e-01   2.2350690809e+00  1.4170079662e+00
2.4500000000e-01   2.2996448526e+00  1.4332209025e+00
2.5000000000e-01   2.4874705824e+00  1.5038010497e+00
2.5500000000e-01   2.8370391288e+00  1.5394372354e+00
2.6000000000e-01   3.3432652385e+00  1.4243321518e+00
2.6500000000e-01   3.9183536479e+00  1.0241587904e+00
2.7000000000e-01   4.3450316708e+00  2.7080292500e-01
2.7500000000e-01   4.3660616686e+00  -6.8657552597e-01
2.8000000000e-01   3.9389793938e+00  -1.5187043881e+00
2.8500000000e-01   3.2836493076e+00  -2.0118654368e+00
2.9000000000e-01   2.6362166149e+00  -2.1872003058e+00
2.9500000000e-01   2.1055860965e+00  -2.1631993586e+00
3.0000000000e-01   1.7066461527e+00  -2.0404562587e+00
3.0500000000e-01   1.4200296357e+00  -1.8785041628e+00
3.1000000000e-01   1.2223955137e+00  -1.7078547299e+00
3.1500000000e-01   1.0958856516e+00  -1.5439652188e+00
3.2000000000e-01   1.0292022656e+00  -1.3968224083e+00
3.2500000000e-01   1.0153052100e+00  -1.2775509803e+00
3.3000000000e-01   1.0455775127e+00  -1.2030438259e+00
3.3500000000e-01   1.0986460104e+00  -1.1948363325e+00
3.4000000000e-01   1.1304707774e+00  -1.2620498384e+00
3.4500000000e-01   1.0920997593e+00  -1.3731787323e+00
3.5000000000e-01   9.7681140899e-01  -1.4655085315e+00
3.5500000000e-01   8.2557527546e-01  -1.5004049999e+00
3.6000000000e-01   6.8049030861e-01  -1.4825621267e+00
3.6500000000e-01   5.5990596354e-01  -1.4335389747e+00
3.7000000000e-01   4.6531796166e-01  -1.3711505946e+00
3.7500000000e-01   3.9223110542e-01  -1.3056475433e+00
3.8000000000e-01   3.3548350695e-01  -1.2419680483e+00
3.8500000000e-01   2.9083817827e-01  -1.1821558731e+00
3.9000000000e-01   2.5515149301e-01  -1.1268400151e+00
3.9500000000e-01   2.2616513891e-01  -1.0760048534e+00
4.0000000000e-01   2.0226448664e-01  -1.0293657702e+00
4.0500000000e-01   1.8228652633e-01  -9.8654603844e-01
4.1000000000e-01   1.6538275936e-01  -9.4715721964e-01
4.1500000000e-01   1.5092485528e-01  -9.1083345017e-01
4.2000000000e-01   1.3844032882e-01  -8.7724397936e-01
4.2500000000e-01   1.2756853785e-01  -8.4609569269e-01
4.3000000000e-01   1.1803030029e-01  -8.1713126008e-01
4.3500000000e-01   1.0960666029e-01  -7.9012560272e-01
4.4000000000e-01   1.0212385420e-01  -7.6488193857e-01
4.4500000000e-01   9.5442528802e-02  -7.4122796941e-01
4.5000000000e-01   8.9449918482e-02  -7.1901243424e-01
4.5500000000e-01   8.4054116308e-02  -6.9810209413e-01
4.6000000000e-01   7.9179857466e-02  -6.7837914248e-01
4.6500000000e-01   7.4765425560e-02  -6.5973900909e-01
4.7000000000e-01   7.0760426681e-02  -6.4208852601e-01
4.7500000000e-01   6.7124276154e-02  -6.2534444210e-01
4.8000000000e-01   6.3825322920e-02  -6.0943231570e-01
4.8500000000e-01   6.0840603480e-02  -5.9428589927e-01
4.9000000000e-01   5.8156260098e-02  -5.7984729897e-01
4.9500000000e-01   5.5768613610e-02  -5.6606852777e-01
5.0000000000e-01   5.3685526126e-02  -5.5291570722e-01
5.0500000000e-01   5.1926346246e-02  -5.4037816687e-01
5.1000000000e-01   5.0514705301e-02  -5.2848521333e-01
5.1500000000e-01   4.9449347786e-02  -5.1732838901e-01
5.2000000000e-01   4.8630508975e-02  -5.0706097528e-01
5.2500000000e-01   4.7764346478e-02  -4.9779202157e-01
5.3000000000e-01   4.6431468450e-02  -4.8934350812e-01
5.3500000000e-01   4.4464606364e-02  -4.8119956387e-01
5.4000000000e-01   4.2149586876e-02  -4.7292724439e-01
5.4500000000e-01   3.9891457712e-02  -4.6447814721e-01
5.5000000000e-01   3.7912920670e-02  -4.5602703835e-01
5.5500000000e-01   3.6257792796e-02  -4.4776364226e-01
5.6000000000e-01   3.4869593371e-02  -4.3982993243e-01
5.6500000000e-01   3.3623475918e-02  -4.3230302617e-01
5.7000000000e-01   3.2366517639e-02  -4.2515029091e-01
5.7500000000e-01   3.1025881386e-02  -4.1823250690e-01
5.8000000000e-01   2.9659600719e-02  -4.1142856110e-01
5.8500000000e-01   2.8361046018e-02  -4.0471869023e-01
5.9000000000e-01   2.7176785665e-02  -3.9813906274e-01
5.9500000000e-01   2.6109796139e-02  -3.9172452031e-01
6.0000000000e-01   2.5145770764e-02  -3.8549256165e-01
6.0500000000e-01   2.4268206509e-02  -3.7944719091e-01
6.1000000000e-01   2.3463341527e-02  -3.7358498354e-01
6.1500000000e-01   2.2720872918e-02  -3.6789904913e-01
6.2000000000e-01   2.2033504534e-02  -3.6238112872e-01
6.2500000000e-01   2.1396391005e-02  -3.5702262348e-01
6.3000000000e-01   2.0806768918e-02  -3.5181510541e-01
6.3500000000e-01   2.0263831990e-02  -3.4675063323e-01
6.4000000000e-01   1.9768857167e-02  -3.4182209463e-01
6.4500000000e-01   1.9325578724e-02  -3.3702380773e-01
6.5000000000e-01   1.8940749157e-02  -3.3235274657e-01
6.5500000000e-01   1.8624558779e-02  -3.2781103282e-01
6.6000000000e-01   1.8389699367e-02  -3.2341066314e-01
6.6500000000e-01   1.8245531979e-02  -3.1918094208e-01
6.7000000000e-01   1.8180080954e-02  -3.1517415332e-01
6.7500000000e-01   1.8126469033e-02  -3.1144920621e-01
6.8000000000e-01   1.7950285800e-02  -3.0800343395e-01
6.8500000000e-01   1.7539462874e-02  -3.0470381871e-01
6.9000000000e-01   1.6932533531e-02  -3.0136941512e-01
6.9500000000e-01   1.6273306665e-02  -2.9792801148e-01
7.0000000000e-01   1.5673952583e-02  -2.9441976584e-01
7.0500000000e-01   1.5177341568e-02  -2.9091374994e-01
7.1000000000e-01   1.4785858641e-02  -2.8746723439e-01
7.1500000000e-01   1.4482258517e-02  -2.8412534157e-01
7.2000000000e-01   1.4228182220e-02  -2.8092297114e-01
7.2500000000e-01   1.3961167396e-02  -2.7786515173e-01
7.3000000000e-01   1.3628138073e-02  -2.7490235547e-01
7.3500000000e-01   1.3236549360e-02  -2.7196183840e-01
7.4000000000e-01   1.2839239253e-02  -2.6901128267e-01
7.4500000000e-01   1.2479414169e-02  -2.6606347563e-01
7.5000000000e-01   1.2173427171e-02  -2.6314338386e-01
7.5500000000e-01   1.1921666693e-02  -2.6027022360e-01
7.6000000000e-01   1.1719214078e-02  -2.5745520820e-01
7.6500000000e-01   1.1562106226e-02  -2.5470430531e-01
7.7000000000e-01   1.1449028723e-02  -2.5202476836e-01
7.7500000000e-01   1.1373240014e-02  -2.4942939671e-01
7.8000000000e-01   1.1313121312e-02  -2.4692486685e-01
7.8500000000e-01   1.1246490469e-02  -2.4449149784e-01
7.9000000000e-01   1.1185335603e-02  -2.4209503235e-01
7.9500000000e-01   1.1175190360e-02  -2.3973212680e-01
8.0000000000e-01   1.1252915479e-02  -2.3744944499e-01
8.0500000000e-01   1.1407239983e-02  -2.3532647855e-01
8.1000000000e-01   1.1549568579e-02  -2.3343099832e-01
8.1500000000e-01   1.1534031960e-02  -2.3173413251e-01
8.2000000000e-01   1.1286375857e-02  -2.3007770692e-01
8.2500000000e-01   1.0895929768e-02  -2.2831399576e-01
8.3000000000e-01   1.0507403988e-02  -2.2643556044e-01
8.3500000000e-01   1.0189528596e-02  -2.2452906016e-01
8.4000000000e-01   9.9162556480e-03  -2.2267496117e-01
8.4500000000e-01   9.6191191195e-03  -2.2088462510e-01
8.5000000000e-01   9.2651903138e-03  -2.1910686855e-01
8.5500000000e-01   8.8805059518e-03  -2.1729613523e-01
8.6000000000e-01   8.5065767024e-03  -2.1544682527e-01
8.6500000000e-01   8.1696427347e-03  -2.1357708210e-01
8.7000000000e-01   7.8776724822e-03  -2.1170941288e-01
8.7500000000e-01   7.6270652245e-03  -2.0986075499e-01
8.8000000000e-01   7.4101571848e-03  -2.0804059133e-01
8.8500000000e-01   7.2194664110e-03  -2.0625301721e-01
8.9000000000e-01   7.0490339286e-03  -2.0449911109e-01
8.9500000000e-01   6.8944613447e-03  -2.0277847898e-01
9.0000000000e-01   6.7525936270e-03  -2.0109008200e-01
9.0500000000e-01   6.6211940456e-03  -1.9943264292e-01
9.1000000000e-01   6.4986965983e-03  -1.9780483696e-01
9.1500000000e-01   6.3840387012e-03  -1.9620538042e-01
9.2000000000e-01   6.2765591123e-03  -1.9463307748e-01
9.2500000000e-01   6.1759462583e-03  -1.9308686203e-01
9.3000000000e-01   6.0822226801e-03  -1.9156586712e-01
9.3500000000e-01   5.9957395178e-03  -1.9006956534e-01
9.4000000000e-01   5.9171061860e-03  -1.8859804086e-01
9.4500000000e-01   5.8468458383e-03  -1.8715242694e-01
9.5000000000e-01   5.7843413490e-03  -1.8573526149e-01
9.5500000000e-01   5.7258271566e-03  -1.8434958273e-01
9.6000000000e-01   5.6634868952e-03  -1.8299491303e-01
9.6500000000e-01   5.5906425731e-03  -1.8166289227e-01
9.7000000000e-01   5.5097764018e-03  -1.8034182781e-01
9.7500000000e-01   5.4303612681e-03  -1.7902636075e-01
9.8000000000e-01   5.3605977708e-03  -1.7771813504e-01
9.8500000000e-01   5.3050623718e-03  -1.7642079290e-01
9.9000000000e-01   5.2668016812e-03  -1.7513753395e-01
9.9500000000e-01   5.2493553986e-03  -1.7387161323e-01
# sum response = 7.6257969609e+01
