0.0000000000e+00   2.6769332452e-02  4.4841886400e-01
5.0000000000e-03   2.7623867845e-02  4.5516180954e-01
1.0000000000e-02   2.8521055784e-02  4.6211988538e-01
1.5000000000e-02   2.9463823651e-02  4.6930378499e-01
2.0000000000e-02   3.0455356345e-02  4.7672492977e-01
2.5000000000e-02   3.1499124066e-02  4.8439553239e-01
3.0000000000e-02   3.2598913669e-02  4.9232866668e-01
3.5000000000e-02   3.3758864120e-02  5.0053834512e-01
4.0000000000e-02   3.4983506677e-02  5.0903960485e-01
4.5000000000e-02   3.6277810539e-02  5.1784860329e-01
5.0000000000e-02   3.7647234819e-02  5.2698272464e-01
5.5000000000e-02   3.9097787871e-02  5.3646069869e-01
6.0000000000e-02   4.0636095176e-02  5.4630273378e-01
6.5000000000e-02   4.2269477243e-02  5.5653066564e-01
7.0000000000e-02   4.4006039228e-02  5.6716812465e-01
7.5000000000e-02   4.5854774348e-02  5.7824072394e-01
8.0000000000e-02   4.7825683558e-02  5.8977627156e-01
8.5000000000e-02   4.9929914483e-02  6.0180501037e-01
9.0000000000e-02   5.2179923225e-02  6.1435988984e-01
9.5000000000e-02   5.4589663443e-02  6.2747687471e-01
1.0000000000e-01   5.7174808090e-02  6.4119529668e-01
1.0500000000e-01   5.9953010395e-02  6.5555825587e-01
1.1000000000e-01   6.2944212218e-02  6.7061308050e-01
1.1500000000e-01   6.6171009859e-02  6.8641185477e-01
1.2000000000e-01   6.9659089832e-02  7.0301202668e-01
1.2500000000e-01   7.3437750300e-02  7.2047711009e-01
1.3000000000e-01   7.7540527896e-02  7.3887749809e-01
1.3500000000e-01   8.2005954901e-02  7.5829140833e-01
1.4000000000e-01   8.6878478582e-02  7.7880598513e-01
1.4500000000e-01   9.2209583431e-02  8.0051858880e-01
1.5000000000e-01   9.8059168877e-02  8.2353830866e-01
1.5500000000e-01   1.0449725077e-01  8.4798774478e-01
1.6000000000e-01   1.1160607600e-01  8.7400511276e-01
1.6500000000e-01   1.1948276819e-01  9.0174673837e-01
1.7000000000e-01   1.2824266125e-01  9.3139002297e-01
1.7500000000e-01   1.3802353096e-01  9.6313697859e-01
1.8000000000e-01   1.4899100945e-01  9.9721845184e-01
1.8500000000e-01   1.6134557127e-01  1.0338991795e+00
1.9000000000e-01   1.7533162774e-01  1.0734838437e+00
1.9500000000e-01   1.9124947815e-01  1.1163243185e+00
2.0000000000e-01   2.0947117267e-01  1.1628283138e+00
2.0500000000e-01   2.3046179116e-01  1.2134696173e+00
2.1000000000e-01   2.5480830772e-01  1.2688000685e+00
2.1500000000e-01   2.8325920727e-01  1.3294632310e+00
2.2000000000e-01   3.1677953077e-01  1.3962093176e+00
2.2500000000e-01   3.5662833213e-01  1.4699100562e+00
2.3000000000e-01   4.0446907956e-01  1.5515703716e+00
2.3500000000e-01   4.6252900363e-01  1.6423300587e+00
2.4000000000e-01   5.3383175694e-01  1.7434410771e+00
2.4500000000e-01   6.2254019698e-01  1.8561906540e+00
2.5000000000e-01   7.3446334706e-01  1.9817085863e+00
2.5500000000e-01   8.7780100340e-01  2.1205313370e+00
2.6000000000e-01   1.0642050500e+00  2.2716597367e+00
2.6500000000e-01   1.3101667112e+00  2.4305734068e+00
2.7000000000e-01   1.6383901601e+00  2.5851540653e+00
2.7500000000e-01   2.0775895835e+00  2.7077252457e+00
2.8000000000e-01   2.6556461323e+00  2.7413380929e+00
2.8500000000e-01   3.3738292399e+00  2.5837327128e+00
2.9000000000e-01   4.1470107927e+00  2.0957358478e+00
2.9500000000e-01   4.7419512966e+00  1.1984474823e+00
3.0000000000e-01   4.8670190963e+00  4.9128144090e-02
3.0500000000e-01   4.4564927255e+00  -9.8134895460e-01
3.1000000000e-01   3.7469789017e+00  -1.6306958896e+00
3.1500000000e-01   3.0165184543e+00  -1.9011496384e+00
3.2000000000e-01   2.4075212222e+00  -1.9224091383e+00
3.2500000000e-01   1.9488363494e+00  -1.8150580956e+00
3.3000000000e-01   1.6229070742e+00  -1.6545975462e+00
3.3500000000e-01   1.4040283653e+00  -1.4823586025e+00
3.4000000000e-01   1.2707848014e+00  -1.3224554935e+00
3.4500000000e-01   1.2056278228e+00  -1.1941084113e+00
3.5000000000e-01   1.1870376522e+00  -1.1171940227e+00
3.5500000000e-01   1.1789496827e+00  -1.1051656262e+00
3.6000000000e-01   1.1355842812e+00  -1.1433445149e+00
3.6500000000e-01   1.0362053123e+00  -1.1839405201e+00
3.7000000000e-01   9.0451886324e-01  -1.1857886842e+00
3.7500000000e-01   7.7712679535e-01  -1.1437706990e+00
3.8000000000e-01   6.7432339596e-01  -1.0736885752e+00
3.8500000000e-01   6.0072718415e-01  -9.9193246392e-01
3.9000000000e-01   5.5455306955e-01  -9.0984704407e-01
3.9500000000e-01   5.3261022151e-01  -8.3573738193e-01
4.0000000000e-01   5.3040002427e-01  -7.7781783509e-01
4.0500000000e-01   5.3866925303e-01  -7.4454964892e-01
4.1000000000e-01   5.4039139695e-01  -7.3857959252e-01
4.1500000000e-01   5.1827134275e-01  -7.4732408268e-01
4.2000000000e-01   4.7132236731e-01  -7.4833472936e-01
4.2500000000e-01   4.1459110564e-01  -7.2911157685e-01
4.3000000000e-01   3.6228860885e-01  -6.9207102294e-01
4.3500000000e-01   3.2018383326e-01  -6.4472086219e-01
4.4000000000e-01   2.8849769952e-01  -5.9292819324e-01
4.4500000000e-01   2.6561943367e-01  -5.3989393365e-01
4.5000000000e-01   2.4984436577e-01  -4.8700082932e-01
4.5500000000e-01   2.3987784702e-01  -4.3464158427e-01
4.6000000000e-01   2.3488763513e-01  -3.8271238951e-01
4.6500000000e-01   2.3444768491e-01  -3.3086503119e-01
4.7000000000e-01   2.3848563911e-01  -2.7862747408e-01
4.7500000000e-01   2.4726427472e-01  -2.2546104977e-01
4.8000000000e-01   2.6140515031e-01  -1.7079279277e-01
4.8500000000e-01   2.8196124933e-01  -1.1404867839e-01
4.9000000000e-01   3.1055086937e-01  -5.4714345367e-02
4.9500000000e-01   3.4957243784e-01  7.5346233239e-03
5.0000000000e-01   4.0252378124e-01  7.2552106445e-02
5.0500000000e-01   4.7443200239e-01  1.3912832009e-01
5.1000000000e-01   5.7230321793e-01  2.0376638870e-01
5.1500000000e-01   7.0515159239e-01  2.5827263242e-01
5.2000000000e-01   8.8214005905e-01  2.8551531945e-01
5.2500000000e-01   1.1051198267e+00  2.5408393036e-01
5.3000000000e-01   1.3503276768e+00  1.1932859422e-01
5.3500000000e-01   1.5464650481e+00  -1.4884737924e-01
5.4000000000e-01   1.5961847836e+00  -5.0776719115e-01
5.4500000000e-01   1.4683758204e+00  -8.3769038579e-01
5.5000000000e-01   1.2365417658e+00  -1.0459451028e+00
5.5500000000e-01   9.9441476769e-01  -1.1296074943e+00
5.6000000000e-01   7.9034299563e-01  -1.1314263305e+00
5.6500000000e-01   6.3361248044e-01  -1.0912972292e+00
5.7000000000e-01   5.1773812794e-01  -1.0336080005e+00
5.7500000000e-01   4.3342682135e-01  -9.7082639027e-01
5.8000000000e-01   3.7289715398e-01  -9.0870711770e-01
5.8500000000e-01   3.3064162520e-01  -8.4971623668e-01
5.9000000000e-01   3.0316468079e-01  -7.9495768942e-01
5.9500000000e-01   2.8852926711e-01  -7.4532659090e-01
6.0000000000e-01   2.8579427181e-01  -7.0239724336e-01
6.0500000000e-01   2.9402306369e-01  -6.6921336014e-01
6.1000000000e-01   3.1038709965e-01  -6.5048666623e-01
6.1500000000e-01   3.2765142432e-01  -6.5073305466e-01
6.2000000000e-01   3.3382324307e-01  -6.6904022790e-01
6.2500000000e-01   3.1897251613e-01  -6.9407159400e-01
6.3000000000e-01   2.8557198690e-01  -7.0998768358e-01
6.3500000000e-01   2.4590635472e-01  -7.0973481416e-01
6.4000000000e-01   2.1013090562e-01  -6.9658956201e-01
6.4500000000e-01   1.8201068415e-01  -6.7682625541e-01
6.5000000000e-01   1.6126502801e-01  -6.5541780362e-01
6.5500000000e-01   1.4584990994e-01  -6.3539100607e-01
6.6000000000e-01   1.3304548983e-01  -6.1779073987e-01
6.6500000000e-01   1.2076032484e-01  -6.0167811096e-01
6.7000000000e-01   1.0872966969e-01  -5.8545833000e-01
6.7500000000e-01   9.7823282426e-02  -5.6854366056e-01
6.8000000000e-01   8.8654832161e-02  -5.5131771324e-01
6.8500000000e-01   8.1256570589e-02  -5.3432254599e-01
6.9000000000e-01   7.5386007749e-02  -5.1787511705e-01
6.9500000000e-01   7.0801263719e-02  -5.0207874494e-01
7.0000000000e-01   6.7359352135e-02  -4.8695436731e-01
7.0500000000e-01   6.5000217782e-02  -4.7253697905e-01
7.1000000000e-01   6.3710475013e-02  -4.5892870655e-01
7.1500000000e-01   6.3464142251e-02  -4.4635757350e-01
7.2000000000e-01   6.4068168614e-02  -4.3521348957e-01
7.2500000000e-01   6.4902890240e-02  -4.2588337772e-01
7.3000000000e-01   6.4904305147e-02  -4.1818997756e-01
7.3500000000e-01   6.3361547615e-02  -4.1098216014e-01
7.4000000000e-01   6.0765572894e-02  -4.0294410827e-01
7.4500000000e-01   5.8262393040e-02  -3.9367198463e-01
7.5000000000e-01   5.6695462640e-02  -3.8352662063e-01
7.5500000000e-01   5.6459146311e-02  -3.7303436132e-01
7.6000000000e-01   5.7754238636e-02  -3.6267863737e-01
7.6500000000e-01   6.0742202216e-02  -3.5300577553e-01
7.7000000000e-01   6.5461975200e-02  -3.4482774794e-01
7.7500000000e-01   7.1426239981e-02  -3.3930631110e-01
7.8000000000e-01   7.7003065769e-02  -3.3743526198e-01
7.8500000000e-01   7.9622486703e-02  -3.3859828399e-01
7.9000000000e-01   7.7949130423e-02  -3.3996806874e-01
7.9500000000e-01   7.3419167666e-02  -3.3888059896e-01
8.0000000000e-01   6.8348649670e-02  -3.3490218840e-01
8.0500000000e-01   6.3992970310e-02  -3.2880945382e-01
8.1000000000e-01   6.0831888555e-02  -3.2125077510e-01
8.1500000000e-01   5.9237806631e-02  -3.1272888485e-01
8.2000000000e-01   5.9478098769e-02  -3.0385540030e-01
8.2500000000e-01   6.1569172708e-02  -2.9530621683e-01
8.3000000000e-01   6.5238023133e-02  -2.8764274700e-01
8.3500000000e-01   7.0122367614e-02  -2.8106656466e-01
8.4000000000e-01   7.6313173674e-02  -2.7558391557e-01
8.4500000000e-01   8.4347378756e-02  -2.7193229182e-01
8.5000000000e-01   9.3912466902e-02  -2.7205332340e-01
8.5500000000e-01   1.0238072215e-01  -2.7775354041e-01
8.6000000000e-01   1.0551336948e-01  -2.8786775000e-01
8.6500000000e-01   1.0148597403e-01  -2.9764850880e-01
8.7000000000e-01   9.2938883388e-02  -3.0310403104e-01
8.7500000000e-01   8.3495215599e-02  -3.0386123126e-01
8.8000000000e-01   7.5091638569e-02  -3.0124359343e-01
8.8500000000e-01   6.8543514832e-02  -2.9659075194e-01
8.9000000000e-01   6.4068677491e-02  -2.9128146975e-01
8.9500000000e-01   6.1041705320e-02  -2.8657345603e-01
9.0000000000e-01   5.8116138953e-02  -2.8285657611e-01
9.0500000000e-01   5.4274244917e-02  -2.7924909326e-01
9.1000000000e-01   4.9778126138e-02  -2.7456705088e-01
9.1500000000e-01   4.5570392672e-02  -2.6849085519e-01
9.2000000000e-01   4.2275874565e-02  -2.6140641415e-01
9.2500000000e-01   4.0051305832e-02  -2.5378148185e-01
9.3000000000e-01   3.8842006967e-02  -2.4591825624e-01
9.3500000000e-01   3.8569892143e-02  -2.3797486356e-01
9.4000000000e-01   3.9204775864e-02  -2.3004586767e-01
9.4500000000e-01   4.0772572376e-02  -2.2223868036e-01
9.5000000000e-01   4.3319050797e-02  -2.1474639615e-01
9.5500000000e-01   4.6797247021e-02  -2.0790641436e-01
9.6000000000e-01   5.0838747196e-02  -2.0212890456e-01
9.6500000000e-01   5.4615712901e-02  -1.9746754974e-01
9.7000000000e-01   5.7381049103e-02  -1.9309549226e-01
9.7500000000e-01   5.9395111793e-02  -1.8776711857e-01
9.8000000000e-01   6.1701207607e-02  -1.8091753559e-01
9.8500000000e-01   6.5178976314e-02  -1.7267243455e-01
9.9000000000e-01   7.0453443186e-02  -1.6320570267e-01
9.9500000000e-01   7.8326708470e-02  -1.5267906817e-01
# sum response = 9.4341430888e+01
