0.0000000000e+00   2.6769328465e-02  4.4841881214e-01
5.0000000000e-03   2.7623863710e-02  4.5516175667e-01
1.0000000000e-02   2.8521051492e-02  4.6211983147e-01
1.5000000000e-02   2.9463819193e-02  4.6930372999e-01
2.0000000000e-02   3.0455351712e-02  4.7672487365e-01
2.5000000000e-02   3.1499119249e-02  4.8439547510e-01
3.0000000000e-02   3.2598908658e-02  4.9232860817e-01
3.5000000000e-02   3.3758858903e-02  5.0053828534e-01
4.0000000000e-02   3.4983501241e-02  5.0903954375e-01
4.5000000000e-02   3.6277804869e-02  5.1784854082e-01
5.0000000000e-02   3.7647228898e-02  5.2698266073e-01
5.5000000000e-02   3.9097781681e-02  5.3646063328e-01
6.0000000000e-02   4.0636088700e-02  5.4630266680e-01
6.5000000000e-02   4.2269470462e-02  5.5653059703e-01
7.0000000000e-02   4.4006032123e-02  5.6716805434e-01
7.5000000000e-02   4.5854766897e-02  5.7824065183e-01
8.0000000000e-02   4.7825675737e-02  5.8977619758e-01
8.5000000000e-02   4.9929906265e-02  6.0180493443e-01
9.0000000000e-02   5.2179914581e-02  6.1435981182e-01
9.5000000000e-02   5.4589654342e-02  6.2747679452e-01
1.0000000000e-01   5.7174798497e-02  6.4119521421e-01
1.0500000000e-01   5.9953000269e-02  6.5555817099e-01
1.1000000000e-01   6.2944201518e-02  6.7061299308e-01
1.1500000000e-01   6.6170998537e-02  6.8641176467e-01
1.2000000000e-01   6.9659077834e-02  7.0301193374e-01
1.2500000000e-01   7.3437737569e-02  7.2047701414e-01
1.3000000000e-01   7.7540514365e-02  7.3887739895e-01
1.3500000000e-01   8.2005940496e-02  7.5829130580e-01
1.4000000000e-01   8.6878463221e-02  7.7880587901e-01
1.4500000000e-01   9.2209567021e-02  8.0051847884e-01
1.5000000000e-01   9.8059151312e-02  8.2353819461e-01
1.5500000000e-01   1.0449723193e-01  8.4798762635e-01
1.6000000000e-01   1.1160605574e-01  8.7400498965e-01
1.6500000000e-01   1.1948274638e-01  9.0174661024e-01
1.7000000000e-01   1.2824263768e-01  9.3138988943e-01
1.7500000000e-01   1.3802350544e-01  9.6313683923e-01
1.8000000000e-01   1.4899098174e-01  9.9721830619e-01
1.8500000000e-01   1.6134554108e-01  1.0338990270e+00
1.9000000000e-01   1.7533159474e-01  1.0734836839e+00
1.9500000000e-01   1.9124944196e-01  1.1163241506e+00
2.0000000000e-01   2.0947113282e-01  1.1628281371e+00
2.0500000000e-01   2.3046174710e-01  1.2134694310e+00
2.1000000000e-01   2.5480825876e-01  1.2687998716e+00
2.1500000000e-01   2.8325915261e-01  1.3294630225e+00
2.2000000000e-01   3.1677946940e-01  1.3962090962e+00
2.2500000000e-01   3.5662826278e-01  1.4699098205e+00
2.3000000000e-01   4.0446900067e-01  1.5515701200e+00
2.3500000000e-01   4.6252891319e-01  1.6423297894e+00
2.4000000000e-01   5.3383165235e-01  1.7434407880e+00
2.4500000000e-01   6.2254007485e-01  1.8561903426e+00
2.5000000000e-01   7.3446320290e-01  1.9817082501e+00
2.5500000000e-01   8.7780083116e-01  2.1205309732e+00
2.6000000000e-01   1.0642048413e+00  2.2716593426e+00
2.6500000000e-01   1.3101664548e+00  2.4305729805e+00
2.7000000000e-01   1.6383898403e+00  2.5851536070e+00
2.7500000000e-01   2.0775891790e+00  2.7077247604e+00
2.8000000000e-01   2.6556456164e+00  2.7413375959e+00
2.8500000000e-01   3.3738285847e+00  2.5837322378e+00
2.9000000000e-01   4.1470099840e+00  2.0957354544e+00
2.9500000000e-01   4.7419503612e+00  1.1984472473e+00
3.0000000000e-01   4.8670181155e+00  4.9128120452e-02
3.0500000000e-01   4.4564917998e+00  -9.8134877979e-01
3.1000000000e-01   3.7469780938e+00  -1.6306955835e+00
3.1500000000e-01   3.0165177736e+00  -1.9011492761e+00
3.2000000000e-01   2.4075206442e+00  -1.9224087733e+00
3.2500000000e-01   1.9488358388e+00  -1.8150577570e+00
3.3000000000e-01   1.6229065947e+00  -1.6545972455e+00
3.3500000000e-01   1.4040278818e+00  -1.4823583384e+00
3.4000000000e-01   1.2707842795e+00  -1.3224552527e+00
3.4500000000e-01   1.2056272307e+00  -1.1941081635e+00
3.5000000000e-01   1.1870369713e+00  -1.1171937148e+00
3.5500000000e-01   1.1789489302e+00  -1.1051651882e+00
3.6000000000e-01   1.1355835253e+00  -1.1433438936e+00
3.6500000000e-01   1.0362046433e+00  -1.1839397201e+00
3.7000000000e-01   9.0451834064e-01  -1.1857877599e+00
3.7500000000e-01   7.7712643322e-01  -1.1437697105e+00
3.8000000000e-01   6.7432318518e-01  -1.0736875628e+00
3.8500000000e-01   6.0072711377e-01  -9.9193144992e-01
3.9000000000e-01   5.5455313633e-01  -9.0984604292e-01
3.9500000000e-01   5.3261043115e-01  -8.3573641145e-01
4.0000000000e-01   5.3040038537e-01  -7.7781692733e-01
4.0500000000e-01   5.3866976050e-01  -7.4454885633e-01
4.1000000000e-01   5.4039200773e-01  -7.3857897473e-01
4.1500000000e-01   5.1827197268e-01  -7.4732366623e-01
4.2000000000e-01   4.7132293378e-01  -7.4833448137e-01
4.2500000000e-01   4.1459156990e-01  -7.2911143205e-01
4.3000000000e-01   3.6228897288e-01  -6.9207092420e-01
4.3500000000e-01   3.2018411624e-01  -6.4472077417e-01
4.4000000000e-01   2.8849792231e-01  -5.9292809786e-01
4.4500000000e-01   2.6561961346e-01  -5.3989382277e-01
4.5000000000e-01   2.4984451554e-01  -4.8700069973e-01
4.5500000000e-01   2.3987797639e-01  -4.3464143498e-01
4.6000000000e-01   2.3488775129e-01  -3.8271222035e-01
4.6500000000e-01   2.3444779349e-01  -3.3086484219e-01
4.7000000000e-01   2.3848574475e-01  -2.7862726513e-01
4.7500000000e-01   2.4726438156e-01  -2.2546082050e-01
4.8000000000e-01   2.6140526237e-01  -1.7079254247e-01
4.8500000000e-01   2.8196137087e-01  -1.1404840600e-01
4.9000000000e-01   3.1055100531e-01  -5.4714049524e-02
4.9500000000e-01   3.4957259423e-01  7.5349441990e-03
5.0000000000e-01   4.0252396591e-01  7.2552453866e-02
5.0500000000e-01   4.7443222579e-01  1.3912869491e-01
5.1000000000e-01   5.7230349423e-01  2.0376678989e-01
5.1500000000e-01   7.0515194055e-01  2.5827305444e-01
5.2000000000e-01   8.8214050283e-01  2.8551574743e-01
5.2500000000e-01   1.1051203906e+00  2.5408433239e-01
5.3000000000e-01   1.3503283716e+00  1.1932891462e-01
5.3500000000e-01   1.5464658460e+00  -1.4884721111e-01
5.4000000000e-01   1.5961856058e+00  -5.0776722112e-01
5.4500000000e-01   1.4683765744e+00  -8.3769059560e-01
5.5000000000e-01   1.2365424003e+00  -1.0459454275e+00
5.5500000000e-01   9.9441528104e-01  -1.1296078698e+00
5.6000000000e-01   7.9034341147e-01  -1.1314267176e+00
5.6500000000e-01   6.3361282775e-01  -1.0912976123e+00
5.7000000000e-01   5.1773843256e-01  -1.0336083834e+00
5.7500000000e-01   4.3342710126e-01  -9.7082679649e-01
5.8000000000e-01   3.7289740684e-01  -9.0870759971e-01
5.8500000000e-01   3.3064178663e-01  -8.4971688925e-01
5.9000000000e-01   3.0316450459e-01  -7.9495862954e-01
5.9500000000e-01   2.8852807411e-01  -7.4532771497e-01
6.0000000000e-01   2.8579089400e-01  -7.0239717657e-01
6.0500000000e-01   2.9401831905e-01  -6.6920739193e-01
6.1000000000e-01   3.1039239153e-01  -6.5047078395e-01
6.1500000000e-01   3.2768368011e-01  -6.5072839183e-01
6.2000000000e-01   3.3385093407e-01  -6.6908593506e-01
6.2500000000e-01   3.1892990357e-01  -6.9413212604e-01
6.3000000000e-01   2.8548150678e-01  -7.0997617160e-01
6.3500000000e-01   2.4585925782e-01  -7.0963839926e-01
6.4000000000e-01   2.1018790541e-01  -6.9647550491e-01
6.4500000000e-01   1.8216401065e-01  -6.7679247599e-01
6.5000000000e-01   1.6141797835e-01  -6.5554522388e-01
6.5500000000e-01   1.4582705389e-01  -6.3564103873e-01
6.6000000000e-01   1.3277627158e-01  -6.1792158963e-01
6.6500000000e-01   1.2049328984e-01  -6.0149485393e-01
6.7000000000e-01   1.0874887961e-01  -5.8514336728e-01
6.7500000000e-01   9.8065608311e-02  -5.6839765431e-01
6.8000000000e-01   8.8881265280e-02  -5.5139960212e-01
6.8500000000e-01   8.1336253480e-02  -5.3450478199e-01
6.9000000000e-01   7.5335064088e-02  -5.1802813566e-01
6.9500000000e-01   7.0693823645e-02  -5.0215238428e-01
7.0000000000e-01   6.7252013728e-02  -4.8695866972e-01
7.0500000000e-01   6.4916159888e-02  -4.7249712947e-01
7.1000000000e-01   6.3654496120e-02  -4.5886261388e-01
7.1500000000e-01   6.3437762990e-02  -4.4627343495e-01
7.2000000000e-01   6.4079075023e-02  -4.3511577700e-01
7.2500000000e-01   6.4967351109e-02  -4.2578602876e-01
7.3000000000e-01   6.5030746677e-02  -4.1813041738e-01
7.3500000000e-01   6.3520907795e-02  -4.1100551088e-01
7.4000000000e-01   6.0899201508e-02  -4.0306162174e-01
7.4500000000e-01   5.8322144609e-02  -3.9385667675e-01
7.5000000000e-01   5.6655877588e-02  -3.8373919469e-01
7.5500000000e-01   5.6305291541e-02  -3.7323344629e-01
7.6000000000e-01   5.7474466848e-02  -3.6281024929e-01
7.6500000000e-01   6.0341137663e-02  -3.5298282013e-01
7.7000000000e-01   6.5011206399e-02  -3.4451735088e-01
7.7500000000e-01   7.1164162496e-02  -3.3858686609e-01
7.8000000000e-01   7.7371946983e-02  -3.3644075479e-01
7.8500000000e-01   8.0883236614e-02  -3.3801089929e-01
7.9000000000e-01   7.9504646813e-02  -3.4058758806e-01
7.9500000000e-01   7.4119883285e-02  -3.4059601814e-01
8.0000000000e-01   6.7643882080e-02  -3.3669388180e-01
8.0500000000e-01   6.2299162618e-02  -3.2971897321e-01
8.1000000000e-01   5.8951381018e-02  -3.2098946921e-01
8.1500000000e-01   5.7759856541e-02  -3.1149370988e-01
8.2000000000e-01   5.8728467389e-02  -3.0190880124e-01
8.2500000000e-01   6.1894684493e-02  -2.9285990561e-01
8.3000000000e-01   6.7224472758e-02  -2.8517877489e-01
8.3500000000e-01   7.4204498949e-02  -2.7996849252e-01
8.4000000000e-01   8.1348125202e-02  -2.7803380897e-01
8.4500000000e-01   8.6706835245e-02  -2.7864898973e-01
8.5000000000e-01   8.9933066762e-02  -2.7966572979e-01
8.5500000000e-01   9.2853323576e-02  -2.8014625767e-01
8.6000000000e-01   9.6827683798e-02  -2.8179542082e-01
8.6500000000e-01   1.0032893801e-01  -2.8700305334e-01
8.7000000000e-01   9.9586472400e-02  -2.9544294613e-01
8.7500000000e-01   9.2626920738e-02  -3.0304696701e-01
8.8000000000e-01   8.1793343572e-02  -3.0593527473e-01
8.8500000000e-01   7.0846122516e-02  -3.0368139188e-01
8.9000000000e-01   6.1929518719e-02  -2.9798827661e-01
8.9500000000e-01   5.5542231864e-02  -2.9062089476e-01
9.0000000000e-01   5.1461852368e-02  -2.8278978258e-01
9.0500000000e-01   4.9248256644e-02  -2.7530570258e-01
9.1000000000e-01   4.8279111881e-02  -2.6876400540e-01
9.1500000000e-01   4.7637670377e-02  -2.6340855653e-01
9.2000000000e-01   4.6396761198e-02  -2.5875171808e-01
9.2500000000e-01   4.4367899073e-02  -2.5376629433e-01
9.3000000000e-01   4.2176895819e-02  -2.4779944173e-01
9.3500000000e-01   4.0503569843e-02  -2.4089311457e-01
9.4000000000e-01   3.9678290072e-02  -2.3336286469e-01
9.4500000000e-01   3.9796478370e-02  -2.2547397232e-01
9.5000000000e-01   4.0899313135e-02  -2.1739653348e-01
9.5500000000e-01   4.3060905985e-02  -2.0927418978e-01
9.6000000000e-01   4.6391321615e-02  -2.0132014389e-01
9.6500000000e-01   5.0942669402e-02  -1.9391297207e-01
9.7000000000e-01   5.6464747004e-02  -1.8759466916e-01
9.7500000000e-01   6.2115446455e-02  -1.8270009049e-01
9.8000000000e-01   6.6768205949e-02  -1.7857350855e-01
9.8500000000e-01   7.0289829613e-02  -1.7352392454e-01
9.9000000000e-01   7.4097324552e-02  -1.6626441504e-01
9.9500000000e-01   8.0065743573e-02  -1.5681371613e-01
# sum response = 9.4350353920e+01
